model/gis/productivity/productivity_500BC.asc
ncols        112
nrows        95
xllcorner    23.558333239100
yllcorner    37.983333181400
cellsize     0.008333333300
NODATA_value  -9999
[rows 16 to 31 of 95, columns 36 to 71 of 112]
0.71514564752578735352 0.75599104166030883789 0.75529706478118896484 0.68428212404251098633 0.75009459257125854492 0.84013575315475463867 0.81367129087448120117 0.70599335432052612305 0.73425012826919555664 0.80263805389404296875 0.80805003643035888672 0.80557167530059814453 0.6013914942741394043 0.6754360198974609375 0.75046998262405395508 0.73163884878158569336 0.76914066076278686523 0.74179750680923461914 0.75737404823303222656 0.6541595458984375 0.74850130081176757813 0.84366220235824584961 0.83052164316177368164 0.79753994941711425781 0.80561578273773193359 0.81817060708999633789 0.84904211759567260742 0.86144590377807617188 0.83870470523834228516 0.86944341659545898438 0.84826844930648803711 0.82282215356826782227 0.83248847723007202148 -3.4028234663852885981e+38 -3.4028234663852885981e+38 -3.4028234663852885981e+38
0.68059444427490234375 0.77694934606552124023 0.68050295114517211914 0.68557065725326538086 0.79134607315063476563 0.85409760475158691406 0.7240384221076965332 0.68077337741851806641 0.74325591325759887695 0.72242647409439086914 0.81506931781768798828 0.80093783140182495117 0.60758924484252929688 0.65129184722900390625 0.7938232421875 0.77892702817916870117 0.77923852205276489258 0.81896156072616577148 0.81043070554733276367 0.71769291162490844727 0.67580896615982055664 0.7300440669059753418 0.7986691594123840332 0.83519083261489868164 0.85873037576675415039 0.84401077032089233398 0.83758497238159179688 0.85992467403411865234 0.86054581403732299805 0.84414601325988769531 0.83190095424652099609 0.85674297809600830078 0.89751571416854858398 -3.4028234663852885981e+38 -3.4028234663852885981e+38 -3.4028234663852885981e+38
0.6989777684211730957 0.65419715642929077148 0.66583621501922607422 0.78801769018173217773 0.83791166543960571289 0.79765623807907104492 0.68347471952438354492 0.68480074405670166016 0.699207305908203125 0.63989996910095214844 0.72628438472747802734 0.8005625605583190918 0.63070249557495117188 0.64916080236434936523 0.80333471298217773438 0.79284179210662841797 0.79171872138977050781 0.81193929910659790039 0.80628448724746704102 0.79793256521224975586 0.69665306806564331055 0.65568017959594726563 0.70575255155563354492 0.80232179164886474609 0.87594562768936157227 0.86486065387725830078 0.83019125461578369141 0.80988329648971557617 0.81255114078521728516 0.83871275186538696289 0.8308899998664855957 0.87589514255523681641 0.92356795072555541992 -3.4028234663852885981e+38 -3.4028234663852885981e+38 -3.4028234663852885981e+38
0.74516540765762329102 0.61979252099990844727 0.65948945283889770508 0.76473128795623779297 0.74347579479217529297 0.72903591394424438477 0.64722287654876708984 0.65327018499374389648 0.68306839466094970703 0.62377095222473144531 0.67698270082473754883 0.71855711936950683594 0.64954030513763427734 0.70814716815948486328 0.81300121545791625977 0.82039511203765869141 0.81854641437530517578 0.78579986095428466797 0.79956126213073730469 0.80617755651473999023 0.76651960611343383789 0.67711848020553588867 0.67996931076049804688 0.75810593366622924805 0.84194952249526977539 0.88820111751556396484 0.87435936927795410156 0.85171473026275634766 0.85045415163040161133 0.85580873489379882813 0.85435390472412109375 0.90368872880935668945 0.92873823642730712891 -3.4028234663852885981e+38 -3.4028234663852885981e+38 -3.4028234663852885981e+38
0.741680145263671875 0.69949138164520263672 0.64228636026382446289 0.72557532787322998047 0.73124229907989501953 0.68954694271087646484 0.61321628093719482422 0.64136129617691040039 0.68212133646011352539 0.62029379606246948242 0.60417032241821289063 0.56932055950164794922 0.58978354930877685547 0.71139955520629882813 0.78192019462585449219 0.776611328125 0.74435037374496459961 0.73168861865997314453 0.7486362457275390625 0.81621140241622924805 0.75500738620758056641 0.6922308802604675293 0.70867019891738891602 0.74314314126968383789 0.80305403470993041992 0.89080673456192016602 0.91898638010025024414 0.93370962142944335938 0.90727049112319946289 0.89228844642639160156 0.88026958703994750977 0.91436231136322021484 0.93495398759841918945 -3.4028234663852885981e+38 -3.4028234663852885981e+38 -3.4028234663852885981e+38
0.70934158563613891602 0.81639844179153442383 0.69452112913131713867 0.66390299797058105469 0.63118660449981689453 0.57973843812942504883 0.55774140357971191406 0.64199012517929077148 0.69541120529174804688 0.67108035087585449219 0.60607004165649414063 0.58733153343200683594 0.66501367092132568359 0.72033482789993286133 0.78726291656494140625 0.78820729255676269531 0.75167495012283325195 0.7600848078727722168 0.71745580434799194336 0.73400425910949707031 0.728759765625 0.69586956501007080078 0.7276694178581237793 0.75924295186996459961 0.80988073348999023438 0.89273560047149658203 0.90542215108871459961 0.86655431985855102539 0.83919757604598999023 0.83698862791061401367 0.83080703020095825195 0.85576677322387695313 0.9094435572624206543 -3.4028234663852885981e+38 -3.4028234663852885981e+38 -3.4028234663852885981e+38
0.75245583057403564453 0.75174713134765625 0.76489961147308349609 0.63267266750335693359 0.56338179111480712891 0.59263205528259277344 0.68262159824371337891 0.73817741870880126953 0.71586310863494873047 0.77265518903732299805 0.74724423885345458984 0.7646052241325378418 0.69246619939804077148 0.72582888603210449219 0.80762934684753417969 0.80411046743392944336 0.751880645751953125 0.78101348876953125 0.67433255910873413086 0.683094024658203125 0.7201964259147644043 0.69531118869781494141 0.74182742834091186523 0.79820764064788818359 0.8508885502815246582 0.91342645883560180664 0.86818587779998779297 0.83549797534942626953 0.87739384174346923828 0.88919329643249511719 0.87373155355453491211 0.84757769107818603516 0.88804429769515991211 0.93948036432266235352 -3.4028234663852885981e+38 -3.4028234663852885981e+38
0.7575200200080871582 0.73487848043441772461 0.64474225044250488281 0.63634371757507324219 0.6920248866081237793 0.74776536226272583008 0.69971519708633422852 0.65254604816436767578 0.67539668083190917969 0.71632897853851318359 0.69496387243270874023 0.66979438066482543945 0.67175817489624023438 0.7449156641960144043 0.78740864992141723633 0.79136925935745239258 0.75371003150939941406 0.80343127250671386719 0.66331487894058227539 0.66300475597381591797 0.71853494644165039063 0.72582590579986572266 0.78574240207672119141 0.84710270166397094727 0.89242005348205566406 0.91902601718902587891 0.87717598676681518555 0.87452018260955810547 0.83212113380432128906 0.82748812437057495117 0.84393888711929321289 0.85548853874206542969 0.91646981239318847656 0.89147686958312988281 0.88608723878860473633 -3.4028234663852885981e+38
0.77187073230743408203 0.74087029695510864258 0.62465512752532958984 0.5964806675910949707 0.65992593765258789063 0.69630593061447143555 0.69315850734710693359 0.7030321955680847168 0.78218275308609008789 0.78697466850280761719 0.78497785329818725586 0.75637090206146240234 0.76378899812698364258 0.76707589626312255859 0.72437405586242675781 0.67608439922332763672 0.64515376091003417969 0.66723340749740600586 0.70948612689971923828 0.65661823749542236328 0.71445870399475097656 0.76388037204742431641 0.80792272090911865234 0.89338690042495727539 0.8969548344612121582 0.89499777555465698242 0.89517039060592651367 0.88501417636871337891 0.89139139652252197266 0.910755157470703125 0.92063719034194946289 0.92502933740615844727 0.91236484050750732422 0.89221262931823730469 0.88312649726867675781 0.92134016752243041992
0.75847601890563964844 0.75579971075057983398 0.68057936429977416992 0.62583494186401367188 0.66459125280380249023 0.75950008630752563477 0.72912621498107910156 0.73021650314331054688 0.77108669281005859375 0.75332534313201904297 0.70845872163772583008 0.69467216730117797852 0.71578121185302734375 0.73097330331802368164 0.70919317007064819336 0.65074044466018676758 0.602725982666015625 0.57909071445465087891 0.640552520751953125 0.67643946409225463867 0.6947142481803894043 0.75362372398376464844 0.82806128263473510742 0.90559506416320800781 0.89848440885543823242 0.90169382095336914063 0.91372948884963989258 0.92327058315277099609 0.92935007810592651367 0.94131422042846679688 0.92842584848403930664 0.92107480764389038086 0.93495839834213256836 0.91281360387802124023 0.93072849512100219727 0.88672751188278198242
0.81180238723754882813 0.77572721242904663086 0.72879868745803833008 0.65195173025131225586 0.6172078251838684082 0.71822685003280639648 0.71729964017868041992 0.7252934575080871582 0.75662499666213989258 0.76427060365676879883 0.75822424888610839844 0.76278626918792724609 0.7869122624397277832 0.82185417413711547852 0.81018805503845214844 0.76897907257080078125 0.76108664274215698242 0.69705915451049804688 0.62472558021545410156 0.67544752359390258789 0.73522984981536865234 0.78981775045394897461 0.87746137380599975586 0.92874115705490112305 0.92907822132110595703 0.93212687969207763672 0.93462389707565307617 0.93643534183502197266 0.94013553857803344727 0.92888700962066650391 0.93196481466293334961 0.93337053060531616211 0.92311280965805053711 0.93898826837539672852 0.89659351110458374023 0.85749292373657226563
0.81905847787857055664 0.84032267332077026367 0.80632102489471435547 0.72823548316955566406 0.64738291501998901367 0.7044537663459777832 0.73862540721893310547 0.7447573542594909668 0.7853381037712097168 0.81438237428665161133 0.80764865875244140625 0.79335314035415649414 0.81088459491729736328 0.8004691004753112793 0.78686887025833129883 0.79733002185821533203 0.83134567737579345703 0.83699691295623779297 0.87553119659423828125 0.85086476802825927734 0.83233088254928588867 0.81298065185546875 0.88461595773696899414 0.88937073945999145508 0.88205379247665405273 0.89189493656158447266 0.90853065252304077148 0.92411011457443237305 0.92870670557022094727 0.93020868301391601563 0.93060362339019775391 0.92790323495864868164 0.93853276968002319336 0.9086659550666809082 0.86824810504913330078 0.8425312042236328125
0.84586036205291748047 0.88122886419296264648 0.85176825523376464844 0.77656990289688110352 0.6831480860710144043 0.67147457599639892578 0.74426072835922241211 0.7695973515510559082 0.79416537284851074219 0.80948495864868164063 0.80609941482543945313 0.81579071283340454102 0.85528850555419921875 0.86411446332931518555 0.8475322723388671875 0.82900309562683105469 0.82708954811096191406 0.81485617160797119141 0.81186032295227050781 0.85582548379898071289 0.85488325357437133789 0.83855617046356201172 0.87714558839797973633 0.88286131620407104492 0.88972806930541992188 0.89679634571075439453 0.90522307157516479492 0.92049115896224975586 0.93470239639282226563 0.93013948202133178711 0.92179191112518310547 0.94125670194625854492 0.91822808980941772461 0.88728564977645874023 0.84018599987030029297 0.81431180238723754883
0.79561400413513183594 0.79786086082458496094 0.81290614604949951172 0.79231923818588256836 0.72362816333770751953 0.68032115697860717773 0.69593662023544311523 0.74453341960906982422 0.79527831077575683594 0.81765484809875488281 0.82544314861297607422 0.83515334129333496094 0.85594719648361206055 0.86799579858779907227 0.87078958749771118164 0.85351902246475219727 0.84208357334136962891 0.85609406232833862305 0.84534186124801635742 0.83169162273406982422 0.83975201845169067383 0.87076711654663085938 0.90347707271575927734 0.91131317615509033203 0.90219950675964355469 0.91075229644775390625 0.89742374420166015625 0.90331172943115234375 0.92208260297775268555 0.92194169759750366211 0.93431425094604492188 0.92715859413146972656 0.90703815221786499023 0.87424105405807495117 0.82079565525054931641 0.79885947704315185547
0.80700516700744628906 0.85610181093215942383 0.88499301671981811523 0.85373568534851074219 0.79613816738128662109 0.74758380651473999023 0.7335217595100402832 0.75327593088150024414 0.80038839578628540039 0.80190259218215942383 0.79426664113998413086 0.78985887765884399414 0.79518467187881469727 0.78738194704055786133 0.77048981189727783203 0.77029538154602050781 0.76874655485153198242 0.79384177923202514648 0.84225809574127197266 0.84729403257369995117 0.85498136281967163086 0.87619006633758544922 0.89529842138290405273 0.89892649650573730469 0.9092019200325012207 0.90367424488067626953 0.89460778236389160156 0.88733315467834472656 0.90705734491348266602 0.91344147920608520508 0.93178641796112060547 0.9174550175666809082 0.9011828303337097168 0.87139296531677246094 0.82681101560592651367 0.79147416353225708008
0.7138258814811706543 0.73789823055267333984 0.80739963054656982422 0.85225647687911987305 0.87756460905075073242 0.82209199666976928711 0.80653297901153564453 0.80208879709243774414 0.8410370945930480957 0.80401360988616943359 0.80901426076889038086 0.83058327436447143555 0.85635071992874145508 0.85583710670471191406 0.84039002656936645508 0.81751918792724609375 0.80879825353622436523 0.83136945962905883789 0.8439909815788269043 0.8677374720573425293 0.87947517633438110352 0.8804734349250793457 0.87780523300170898438 0.88687121868133544922 0.90674281120300292969 0.91662561893463134766 0.89735496044158935547 0.87952983379364013672 0.91198265552520751953 0.91659486293792724609 0.92887973785400390625 0.91896170377731323242 0.89756351709365844727 0.87552875280380249023 0.83925956487655639648 0.79246068000793457031
