model/gis/productivity/productivity_3000BC.asc
ncols        112
nrows        95
xllcorner    23.559640931500
yllcorner    37.981657135000
cellsize     0.008293991400
NODATA_value  -9999
[rows 64 to 79 of 95, columns 72 to 107 of 112]
0.84300088882446289063 0.82572090625762939453 0.79573303461074829102 0.79339122772216796875 0.83954000473022460938 0.89059334993362426758 0.89640825986862182617 0.87488710880279541016 0.87185502052307128906 0.88737666606903076172 0.89182817935943603516 0.89075028896331787109 -3.4028234663852885981e+38 -3.4028234663852885981e+38 -3.4028234663852885981e+38 -3.4028234663852885981e+38 -3.4028234663852885981e+38 -3.4028234663852885981e+38 -3.4028234663852885981e+38 -3.4028234663852885981e+38 -3.4028234663852885981e+38 -3.4028234663852885981e+38 -3.4028234663852885981e+38 -3.4028234663852885981e+38 -3.4028234663852885981e+38 -3.4028234663852885981e+38 -3.4028234663852885981e+38 -3.4028234663852885981e+38 -3.4028234663852885981e+38 -3.4028234663852885981e+38 -3.4028234663852885981e+38 -3.4028234663852885981e+38 -3.4028234663852885981e+38 -3.4028234663852885981e+38 -3.4028234663852885981e+38 -3.4028234663852885981e+38
0.8024151921272277832 0.81348830461502075195 0.83630168437957763672 0.83933866024017333984 0.85035395622253417969 0.87066769599914550781 0.89570593833923339844 0.89847809076309204102 0.85575515031814575195 0.82691514492034912109 0.83315920829772949219 0.82626920938491821289 -3.4028234663852885981e+38 -3.4028234663852885981e+38 -3.4028234663852885981e+38 -3.4028234663852885981e+38 -3.4028234663852885981e+38 -3.4028234663852885981e+38 -3.4028234663852885981e+38 -3.4028234663852885981e+38 -3.4028234663852885981e+38 -3.4028234663852885981e+38 -3.4028234663852885981e+38 -3.4028234663852885981e+38 -3.4028234663852885981e+38 -3.4028234663852885981e+38 -3.4028234663852885981e+38 -3.4028234663852885981e+38 -3.4028234663852885981e+38 -3.4028234663852885981e+38 -3.4028234663852885981e+38 -3.4028234663852885981e+38 -3.4028234663852885981e+38 -3.4028234663852885981e+38 -3.4028234663852885981e+38 -3.4028234663852885981e+38
0.87987029552459716797 0.85516452789306640625 0.86436170339584350586 0.86938005685806274414 0.88475549221038818359 0.88851112127304077148 0.87899214029312133789 0.88542044162750244141 0.89733392000198364258 0.86533969640731811523 0.86768889427185058594 0.80810958147048950195 -3.4028234663852885981e+38 -3.4028234663852885981e+38 -3.4028234663852885981e+38 -3.4028234663852885981e+38 -3.4028234663852885981e+38 -3.4028234663852885981e+38 -3.4028234663852885981e+38 -3.4028234663852885981e+38 -3.4028234663852885981e+38 -3.4028234663852885981e+38 -3.4028234663852885981e+38 -3.4028234663852885981e+38 -3.4028234663852885981e+38 -3.4028234663852885981e+38 -3.4028234663852885981e+38 -3.4028234663852885981e+38 -3.4028234663852885981e+38 -3.4028234663852885981e+38 -3.4028234663852885981e+38 -3.4028234663852885981e+38 -3.4028234663852885981e+38 -3.4028234663852885981e+38 -3.4028234663852885981e+38 -3.4028234663852885981e+38
-3.4028234663852885981e+38 -3.4028234663852885981e+38 -3.4028234663852885981e+38 0.90572202205657958984 0.91516447067260742188 0.89187151193618774414 0.87395644187927246094 0.87967526912689208984 0.88381630182266235352 0.88627028465270996094 0.88280063867568969727 0.84470361471176147461 0.79444557428359985352 -3.4028234663852885981e+38 -3.4028234663852885981e+38 -3.4028234663852885981e+38 -3.4028234663852885981e+38 -3.4028234663852885981e+38 -3.4028234663852885981e+38 -3.4028234663852885981e+38 -3.4028234663852885981e+38 -3.4028234663852885981e+38 -3.4028234663852885981e+38 -3.4028234663852885981e+38 -3.4028234663852885981e+38 -3.4028234663852885981e+38 -3.4028234663852885981e+38 -3.4028234663852885981e+38 -3.4028234663852885981e+38 -3.4028234663852885981e+38 -3.4028234663852885981e+38 -3.4028234663852885981e+38 -3.4028234663852885981e+38 -3.4028234663852885981e+38 -3.4028234663852885981e+38 -3.4028234663852885981e+38
-3.4028234663852885981e+38 -3.4028234663852885981e+38 -3.4028234663852885981e+38 0.92972028255462646484 0.9163029789924621582 0.89558935165405273438 0.86929214000701904297 0.86551445722579956055 0.87413203716278076172 0.88923430442810058594 0.88671284914016723633 0.87678056955337524414 0.82782417535781860352 -3.4028234663852885981e+38 -3.4028234663852885981e+38 -3.4028234663852885981e+38 -3.4028234663852885981e+38 -3.4028234663852885981e+38 -3.4028234663852885981e+38 -3.4028234663852885981e+38 -3.4028234663852885981e+38 -3.4028234663852885981e+38 -3.4028234663852885981e+38 -3.4028234663852885981e+38 -3.4028234663852885981e+38 -3.4028234663852885981e+38 -3.4028234663852885981e+38 -3.4028234663852885981e+38 -3.4028234663852885981e+38 -3.4028234663852885981e+38 -3.4028234663852885981e+38 -3.4028234663852885981e+38 -3.4028234663852885981e+38 -3.4028234663852885981e+38 -3.4028234663852885981e+38 -3.4028234663852885981e+38
-3.4028234663852885981e+38 -3.4028234663852885981e+38 -3.4028234663852885981e+38 0.92911088466644287109 0.92141318321228027344 0.90872198343276977539 0.87788605690002441406 0.85177999734878540039 0.85035043954849243164 0.85168379545211791992 0.85001915693283081055 0.86183643341064453125 0.85328602790832519531 0.88683158159255981445 0.83534324169158935547 -3.4028234663852885981e+38 -3.4028234663852885981e+38 -3.4028234663852885981e+38 -3.4028234663852885981e+38 -3.4028234663852885981e+38 -3.4028234663852885981e+38 -3.4028234663852885981e+38 -3.4028234663852885981e+38 -3.4028234663852885981e+38 -3.4028234663852885981e+38 -3.4028234663852885981e+38 -3.4028234663852885981e+38 -3.4028234663852885981e+38 -3.4028234663852885981e+38 -3.4028234663852885981e+38 -3.4028234663852885981e+38 -3.4028234663852885981e+38 -3.4028234663852885981e+38 -3.4028234663852885981e+38 -3.4028234663852885981e+38 -3.4028234663852885981e+38
0.92537659406661987305 0.92784357070922851563 0.93187558650970458984 0.93042171001434326172 0.93071675300598144531 0.91839629411697387695 0.88784873485565185547 0.86018806695938110352 0.83597171306610107422 0.83186459541320800781 0.82822716236114501953 0.864269256591796875 0.89824467897415161133 0.86758565902709960938 0.81016165018081665039 0.80536484718322753906 0.78957509994506835938 -3.4028234663852885981e+38 -3.4028234663852885981e+38 -3.4028234663852885981e+38 -3.4028234663852885981e+38 -3.4028234663852885981e+38 -3.4028234663852885981e+38 -3.4028234663852885981e+38 -3.4028234663852885981e+38 -3.4028234663852885981e+38 -3.4028234663852885981e+38 -3.4028234663852885981e+38 -3.4028234663852885981e+38 -3.4028234663852885981e+38 -3.4028234663852885981e+38 -3.4028234663852885981e+38 -3.4028234663852885981e+38 -3.4028234663852885981e+38 -3.4028234663852885981e+38 -3.4028234663852885981e+38
0.90739727020263671875 0.91524040699005126953 0.93218654394149780273 0.92020577192306518555 0.92766100168228149414 0.93397831916809082031 0.9077231287956237793 0.90355020761489868164 0.89947974681854248047 0.88256949186325073242 0.87647318840026855469 0.89021474123001098633 0.88398313522338867188 0.83683782815933227539 0.80282747745513916016 0.7906163334846496582 0.73878914117813110352 0.71846354007720947266 -3.4028234663852885981e+38 -3.4028234663852885981e+38 -3.4028234663852885981e+38 -3.4028234663852885981e+38 -3.4028234663852885981e+38 -3.4028234663852885981e+38 -3.4028234663852885981e+38 -3.4028234663852885981e+38 -3.4028234663852885981e+38 -3.4028234663852885981e+38 -3.4028234663852885981e+38 -3.4028234663852885981e+38 -3.4028234663852885981e+38 -3.4028234663852885981e+38 -3.4028234663852885981e+38 -3.4028234663852885981e+38 -3.4028234663852885981e+38 -3.4028234663852885981e+38
0.91745847463607788086 0.8976675868034362793 -3.4028234663852885981e+38 -3.4028234663852885981e+38 -3.4028234663852885981e+38 0.92971378564834594727 0.92544645071029663086 0.922222137451171875 0.91177386045455932617 0.88126319646835327148 0.87432563304901123047 0.85000234842300415039 0.84646630287170410156 0.80897897481918334961 0.74586439132690429688 0.75225830078125 0.76585978269577026367 0.77882522344589233398 0.80442261695861816406 0.846893310546875 0.82992339134216308594 0.8413906097412109375 -3.4028234663852885981e+38 -3.4028234663852885981e+38 -3.4028234663852885981e+38 -3.4028234663852885981e+38 -3.4028234663852885981e+38 -3.4028234663852885981e+38 -3.4028234663852885981e+38 -3.4028234663852885981e+38 -3.4028234663852885981e+38 -3.4028234663852885981e+38 -3.4028234663852885981e+38 -3.4028234663852885981e+38 -3.4028234663852885981e+38 -3.4028234663852885981e+38
0.90440136194229125977 0.9081942439079284668 -3.4028234663852885981e+38 -3.4028234663852885981e+38 -3.4028234663852885981e+38 0.92926138639450073242 0.89926332235336303711 0.92159199714660644531 0.91900461912155151367 0.87624502182006835938 0.86810284852981567383 0.80996990203857421875 0.81143301725387573242 0.77276772260665893555 0.73938810825347900391 0.83381301164627075195 0.81865042448043823242 0.78847485780715942383 0.79191052913665771484 0.83344030380249023438 0.87987035512924194336 0.80393135547637939453 0.80819267034530639648 -3.4028234663852885981e+38 -3.4028234663852885981e+38 -3.4028234663852885981e+38 -3.4028234663852885981e+38 -3.4028234663852885981e+38 -3.4028234663852885981e+38 -3.4028234663852885981e+38 -3.4028234663852885981e+38 -3.4028234663852885981e+38 -3.4028234663852885981e+38 -3.4028234663852885981e+38 -3.4028234663852885981e+38 -3.4028234663852885981e+38
-3.4028234663852885981e+38 -3.4028234663852885981e+38 -3.4028234663852885981e+38 -3.4028234663852885981e+38 -3.4028234663852885981e+38 0.85460764169692993164 0.82789844274520874023 0.84130585193634033203 0.88778954744338989258 0.89041578769683837891 0.88345432281494140625 0.77637749910354614258 0.76670134067535400391 0.78917479515075683594 0.83498281240463256836 0.77606785297393798828 0.76818954944610595703 0.77819550037384033203 0.86390382051467895508 0.79973453283309936523 0.68340569734573364258 0.68539708852767944336 0.72517162561416625977 0.78182327747344970703 0.75644797086715698242 0.72311806678771972656 0.76355290412902832031 0.82897090911865234375 0.86323702335357666016 -3.4028234663852885981e+38 -3.4028234663852885981e+38 -3.4028234663852885981e+38 -3.4028234663852885981e+38 -3.4028234663852885981e+38 -3.4028234663852885981e+38 -3.4028234663852885981e+38
-3.4028234663852885981e+38 -3.4028234663852885981e+38 -3.4028234663852885981e+38 0.85384917259216308594 0.82111877202987670898 0.80146682262420654297 0.79843878746032714844 0.78581279516220092773 0.79710054397583007813 0.86849665641784667969 0.8682162165641784668 0.79574382305145263672 0.72063678503036499023 0.8195692896842956543 0.84382581710815429688 0.81468951702117919922 0.81901520490646362305 0.83045983314514160156 0.8478686213493347168 0.70732444524765014648 0.74356031417846679688 0.76268482208251953125 0.76336538791656494141 0.80127513408660888672 0.7307980656623840332 0.77620768547058105469 0.82608950138092041016 0.86053711175918579102 0.81638419628143310547 0.73393601179122924805 0.71099865436553955078 0.69601011276245117188 0.69125765562057495117 0.72620099782943725586 0.77539765834808349609 -3.4028234663852885981e+38
-3.4028234663852885981e+38 -3.4028234663852885981e+38 -3.4028234663852885981e+38 0.83566677570343017578 0.87607812881469726563 0.85099434852600097656 0.81545269489288330078 0.88353455066680908203 0.84086751937866210938 0.84598588943481445313 0.85272037982940673828 0.82171839475631713867 0.70468932390213012695 0.80742675065994262695 0.81227260828018188477 0.80708873271942138672 0.84192609786987304688 0.8736362457275390625 0.80838626623153686523 0.71101343631744384766 0.77394205331802368164 0.79894673824310302734 0.81266868114471435547 0.83209937810897827148 0.84673100709915161133 0.80041038990020751953 0.79920482635498046875 0.85129320621490478516 0.70605444908142089844 0.72025793790817260742 0.71607935428619384766 0.68409633636474609375 0.63218784332275390625 0.63290035724639892578 0.70672082901000976563 0.76734215021133422852
-3.4028234663852885981e+38 -3.4028234663852885981e+38 -3.4028234663852885981e+38 0.83415788412094116211 0.80906659364700317383 0.80081290006637573242 0.77454906702041625977 0.79256451129913330078 0.88100326061248779297 0.83931231498718261719 0.8416392207145690918 0.78432440757751464844 0.72285354137420654297 0.83214968442916870117 0.78901022672653198242 0.79228389263153076172 0.84721040725708007813 0.89573788642883300781 0.85678714513778686523 0.77608203887939453125 0.78089863061904907227 0.84274691343307495117 0.863773345947265625 0.87233465909957885742 0.81205260753631591797 0.80203324556350708008 0.89905089139938354492 0.77173733711242675781 0.70875298976898193359 0.74406296014785766602 0.72628027200698852539 0.72144043445587158203 0.76176822185516357422 0.73989903926849365234 0.77435243129730224609 0.74526643753051757813
-3.4028234663852885981e+38 -3.4028234663852885981e+38 -3.4028234663852885981e+38 -3.4028234663852885981e+38 -3.4028234663852885981e+38 0.91152119636535644531 0.83968460559844970703 0.77244436740875244141 0.78450888395309448242 0.81860882043838500977 0.81603491306304931641 0.83368951082229614258 0.78506481647491455078 0.84544938802719116211 0.78060835599899291992 0.84568810462951660156 0.87309759855270385742 0.86871933937072753906 0.83557039499282836914 0.82747340202331542969 0.85022222995758056641 0.84874778985977172852 0.82127553224563598633 0.80434167385101318359 0.82677417993545532227 0.90399307012557983398 0.82595086097717285156 0.79285663366317749023 0.74600422382354736328 0.74320685863494873047 0.81536942720413208008 0.81175911426544189453 0.75957012176513671875 0.71609199047088623047 0.86193484067916870117 0.66543692350387573242
-3.4028234663852885981e+38 -3.4028234663852885981e+38 -3.4028234663852885981e+38 -3.4028234663852885981e+38 -3.4028234663852885981e+38 0.88706260919570922852 0.77785778045654296875 0.74514162540435791016 0.83848834037780761719 0.80611658096313476563 0.81440168619155883789 0.78687512874603271484 0.74054795503616333008 0.83748388290405273438 0.82383894920349121094 0.83388024568557739258 0.85185581445693969727 0.83922058343887329102 0.78078734874725341797 0.80801916122436523438 0.86256939172744750977 0.86896061897277832031 0.85161548852920532227 0.84075093269348144531 0.89180922508239746094 0.81252551078796386719 0.77920711040496826172 0.79958891868591308594 0.79544174671173095703 0.75958585739135742188 0.77437698841094970703 0.72802066802978515625 0.73439544439315795898 0.80816096067428588867 0.82651126384735107422 0.65556883811950683594
