model/gis/productivity/productivity_1500BC.asc
ncols        112
nrows        95
xllcorner    23.558333239100
yllcorner    37.983333181400
cellsize     0.008333333300
NODATA_value  -9999
[rows 32 to 47 of 95, columns 36 to 71 of 112]
0.76064980030059814453 0.72479283809661865234 0.77116054296493530273 0.81640857458114624023 0.85142016410827636719 0.87854236364364624023 0.83972573280334472656 0.80645424127578735352 0.85174477100372314453 0.83441150188446044922 0.8452937006950378418 0.85258567333221435547 0.85640281438827514648 0.85140520334243774414 0.86582863330841064453 0.8701655268669128418 0.87061893939971923828 0.86572372913360595703 0.84473395347595214844 0.83442020416259765625 0.84713608026504516602 0.85873401165008544922 0.8649349212646484375 0.87945967912673950195 0.88995510339736938477 0.88393449783325195313 0.88157248497009277344 0.88505649566650390625 0.91880786418914794922 0.92214870452880859375 0.92055946588516235352 0.93153107166290283203 0.91105866432189941406 0.87950187921524047852 0.84616398811340332031 0.81198608875274658203
0.74466043710708618164 0.71023070812225341797 0.74158000946044921875 0.79945290088653564453 0.84233683347702026367 0.86474120616912841797 0.83236145973205566406 0.77277314662933349609 0.78165453672409057617 0.84209787845611572266 0.86150759458541870117 0.83284842967987060547 0.81407606601715087891 0.83337026834487915039 0.85312706232070922852 0.85752588510513305664 0.85771161317825317383 0.86337256431579589844 0.89684987068176269531 0.8984991908073425293 0.89970564842224121094 0.89283573627471923828 0.89779490232467651367 0.89967989921569824219 0.89689099788665771484 0.909027099609375 0.91597819328308105469 0.90227836370468139648 0.90160787105560302734 0.89804983139038085938 0.90078550577163696289 0.92004251480102539063 0.92495083808898925781 0.87511646747589111328 0.83936399221420288086 0.84373319149017333984
0.73374927043914794922 0.69069266319274902344 0.72484248876571655273 0.78676694631576538086 0.83126407861709594727 0.85712480545043945313 0.83229112625122070313 0.77681130170822143555 0.78814148902893066406 0.84268981218338012695 0.85722810029983520508 0.83116817474365234375 0.81928968429565429688 0.84281080961227416992 0.86104857921600341797 0.86392509937286376953 0.86398643255233764648 0.86500495672225952148 0.90289914608001708984 0.90541917085647583008 0.90919202566146850586 0.90510380268096923828 0.90802425146102905273 0.90813773870468139648 0.90392017364501953125 0.91777408123016357422 0.92425781488418579102 0.90666949748992919922 0.90359807014465332031 0.89075380563735961914 0.89425462484359741211 0.91556221246719360352 0.92254555225372314453 0.87351405620574951172 0.83359885215759277344 0.83995819091796875
0.77996116876602172852 0.6995169520378112793 0.71216350793838500977 0.76752948760986328125 0.8016459345817565918 0.80183833837509155273 0.82002568244934082031 0.80720144510269165039 0.79620480537414550781 0.83279305696487426758 0.847812652587890625 0.81525254249572753906 0.82923614978790283203 0.87077122926712036133 0.88399559259414672852 0.87809520959854125977 0.87903869152069091797 0.88620102405548095703 0.90384638309478759766 0.89611554145812988281 0.90862071514129638672 0.8903681635856628418 0.88203680515289306641 0.88201087713241577148 0.88364118337631225586 0.88766825199127197266 0.88324218988418579102 0.88235020637512207031 0.88632094860076904297 0.89331966638565063477 0.89492058753967285156 0.93124920129776000977 0.92708373069763183594 0.88650357723236083984 0.83350157737731933594 0.82327634096145629883
0.69878387451171875 0.64447665214538574219 0.69329303503036499023 0.74913638830184936523 0.78047376871109008789 0.81040060520172119141 0.87123262882232666016 0.83392804861068725586 0.7801659703254699707 0.83080059289932250977 0.83346790075302124023 0.83704394102096557617 0.85527408123016357422 0.84912192821502685547 0.87235063314437866211 0.8957767486572265625 0.89245468378067016602 0.89318126440048217773 0.89222687482833862305 0.87695729732513427734 0.87794607877731323242 0.89598107337951660156 0.89570271968841552734 0.8836815953254699707 0.89635854959487915039 0.91366887092590332031 0.90314275026321411133 0.89549821615219116211 0.90307581424713134766 0.88379293680191040039 0.88833659887313842773 0.92005211114883422852 0.92861342430114746094 0.92024534940719604492 0.89298099279403686523 0.89631551504135131836
0.63644361495971679688 0.66227251291275024414 0.73236292600631713867 0.78897076845169067383 0.82698446512222290039 0.86776065826416015625 0.86444813013076782227 0.77248430252075195313 0.74944537878036499023 0.81395244598388671875 0.78901666402816772461 0.83780550956726074219 0.8515046238899230957 0.82241106033325195313 0.83814567327499389648 0.88687163591384887695 0.89189356565475463867 0.89467477798461914063 0.89339995384216308594 0.89061582088470458984 0.88224583864212036133 0.88755166530609130859 0.884082794189453125 0.88021165132522583008 0.89207798242568969727 0.88954639434814453125 0.88783997297286987305 0.89982300996780395508 0.88738578557968139648 0.8819268345832824707 0.90268975496292114258 0.93563848733901977539 0.93128091096878051758 0.92825400829315185547 0.91221117973327636719 0.89192044734954833984
0.62229657173156738281 0.70363539457321166992 0.78175789117813110352 0.83355861902236938477 0.86161118745803833008 0.89226365089416503906 0.84291374683380126953 0.75785911083221435547 0.73408734798431396484 0.83014410734176635742 0.76303464174270629883 0.800151824951171875 0.82968956232070922852 0.79462510347366333008 0.83713650703430175781 0.88672143220901489258 0.89723455905914306641 0.89961200952529907227 0.90212541818618774414 0.90343511104583740234 0.89236348867416381836 0.89007943868637084961 0.88135474920272827148 0.88657456636428833008 0.89631223678588867188 0.89612817764282226563 0.88837152719497680664 0.8921330571174621582 0.89392334222793579102 0.88882625102996826172 0.91328138113021850586 0.93517571687698364258 0.92785441875457763672 0.92205804586410522461 0.90734142065048217773 0.89469742774963378906
0.66514819860458374023 0.76887434720993041992 0.83567273616790771484 0.86296159029006958008 0.88490080833435058594 0.90226447582244873047 0.85956054925918579102 0.78879404067993164063 0.70605117082595825195 0.76512432098388671875 0.78580331802368164063 0.76761263608932495117 0.78964418172836303711 0.80747240781784057617 0.85896289348602294922 0.89697933197021484375 0.90950179100036621094 0.91619294881820678711 0.91758358478546142578 0.91193872690200805664 0.89677923917770385742 0.89000606536865234375 0.88711512088775634766 0.90117484331130981445 0.9161529541015625 0.92314821481704711914 0.91520607471466064453 0.900409698486328125 0.91364455223083496094 0.90109258890151977539 0.90701693296432495117 0.92598044872283935547 0.9222176671028137207 0.91325068473815917969 0.89862382411956787109 0.89562243223190307617
0.76172262430191040039 0.83568978309631347656 0.87006956338882446289 0.8863245844841003418 0.90918046236038208008 0.90978962182998657227 0.88275164365768432617 0.82180559635162353516 0.70896375179290771484 0.76017987728118896484 0.79670447111129760742 0.76271545886993408203 0.78300368785858154297 0.8251889348030090332 0.87022817134857177734 0.90365552902221679688 0.92568308115005493164 0.93462204933166503906 0.93328845500946044922 0.92781186103820800781 0.91591274738311767578 0.92166930437088012695 0.92542475461959838867 0.92874801158905029297 0.92841124534606933594 0.92465269565582275391 0.91777908802032470703 0.90612566471099853516 0.91613757610321044922 0.91290229558944702148 0.90809690952301025391 0.93380343914031982422 0.91720300912857055664 0.90208715200424194336 0.88275581598281860352 0.87792420387268066406
0.85849601030349731445 0.88297480344772338867 0.89527052640914916992 0.90500146150588989258 0.92201018333435058594 0.90081286430358886719 0.87982082366943359375 0.81572389602661132813 0.71381199359893798828 0.77011573314666748047 0.8127740025520324707 0.77056658267974853516 0.78384244441986083984 0.82497096061706542969 0.87181383371353149414 0.90823394060134887695 0.93385690450668334961 0.93340021371841430664 0.93649506568908691406 0.93368113040924072266 0.92774033546447753906 0.92719262838363647461 0.92925721406936645508 0.92181485891342163086 0.91659909486770629883 0.91977000236511230469 0.92503273487091064453 0.90104240179061889648 0.91500830650329589844 0.90534633398056030273 0.91159284114837646484 0.93472713232040405273 0.91135209798812866211 0.90040701627731323242 0.88320153951644897461 0.87541353702545166016
0.90225714445114135742 0.90748989582061767578 0.91256004571914672852 0.91859722137451171875 0.9260374903678894043 0.90151411294937133789 0.87331140041351318359 0.81139814853668212891 0.72798323631286621094 0.74337852001190185547 0.81227797269821166992 0.7839457392692565918 0.79855328798294067383 0.80972993373870849609 0.85475432872772216797 0.90846198797225952148 0.93238401412963867188 0.93586307764053344727 0.93404620885848999023 0.9325873255729675293 0.936702728271484375 0.91549503803253173828 0.90403985977172851563 0.90896970033645629883 0.91637349128723144531 0.92274022102355957031 0.9134953618049621582 0.89063113927841186523 0.9157314300537109375 0.89295560121536254883 0.92653512954711914063 0.91780018806457519531 0.901988983154296875 0.89543712139129638672 0.88468366861343383789 0.8837826848030090332
0.92324841022491455078 0.92038828134536743164 0.92271244525909423828 0.9251721501350402832 0.93135511875152587891 0.9133618474006652832 0.88077932596206665039 0.83035886287689208984 0.75690311193466186523 0.71835207939147949219 0.80424779653549194336 0.79049545526504516602 0.80332422256469726563 0.80864632129669189453 0.84334856271743774414 0.89375120401382446289 0.91699147224426269531 0.92373412847518920898 0.92784804105758666992 0.91503429412841796875 0.91266649961471557617 0.91427963972091674805 0.91999238729476928711 0.93198210000991821289 0.92888784408569335938 0.90724331140518188477 0.89130097627639770508 0.8852354884147644043 0.90538084506988525391 0.88784277439117431641 0.93130171298980712891 0.90889793634414672852 0.89358705282211303711 0.88395166397094726563 0.87365639209747314453 0.89952057600021362305
0.9308312535285949707 0.92719703912734985352 0.92763227224349975586 0.92708718776702880859 0.93336629867553710938 0.92151647806167602539 0.89700877666473388672 0.87519741058349609375 0.81762117147445678711 0.74199622869491577148 0.75400727987289428711 0.76862215995788574219 0.78975695371627807617 0.8113727569580078125 0.84920841455459594727 0.89085996150970458984 0.91233730316162109375 0.90226262807846069336 0.90545827150344848633 0.90980833768844604492 0.93268436193466186523 0.94255334138870239258 0.93907278776168823242 0.94031417369842529297 0.92057538032531738281 0.89853233098983764648 0.87987089157104492188 0.90115070343017578125 0.89147877693176269531 0.89626145362854003906 0.93446207046508789063 0.91225427389144897461 0.88564932346343994141 0.86760163307189941406 0.85943812131881713867 0.89097857475280761719
0.94308006763458251953 0.9347597956657409668 0.93152767419815063477 0.92969548702239990234 0.93579596281051635742 0.92605721950531005859 0.90398287773132324219 0.89074867963790893555 0.85062873363494873047 0.78445857763290405273 0.73891079425811767578 0.7502797245979309082 0.7967383265495300293 0.85118389129638671875 0.90572208166122436523 0.9272441864013671875 0.94422775506973266602 0.92611873149871826172 0.92516243457794189453 0.93047165870666503906 0.9371522068977355957 0.94513851404190063477 0.93919110298156738281 0.94570553302764892578 0.91931414604187011719 0.89726155996322631836 0.88482695817947387695 0.90477061271667480469 0.89490008354187011719 0.9179121851921081543 0.93409216403961181641 0.92427158355712890625 0.90164226293563842773 0.87990432977676391602 0.84622359275817871094 0.8477999567985534668
-3.4028234663852885981e+38 -3.4028234663852885981e+38 -3.4028234663852885981e+38 -3.4028234663852885981e+38 0.94131720066070556641 0.93585020303726196289 0.92116540670394897461 0.91551709175109863281 0.89430892467498779297 0.86995744705200195313 0.85450333356857299805 0.85705190896987915039 0.86967366933822631836 0.90525126457214355469 -3.4028234663852885981e+38 -3.4028234663852885981e+38 -3.4028234663852885981e+38 -3.4028234663852885981e+38 -3.4028234663852885981e+38 -3.4028234663852885981e+38 0.9330050349235534668 0.92968332767486572266 0.935214996337890625 0.9389324188232421875 0.92133438587188720703 0.90114057064056396484 0.89339810609817504883 0.91248875856399536133 0.89430785179138183594 0.89019507169723510742 0.91113454103469848633 0.92273354530334472656 0.91409313678741455078 0.90465742349624633789 0.86321425437927246094 0.82920777797698974609
-3.4028234663852885981e+38 -3.4028234663852885981e+38 -3.4028234663852885981e+38 -3.4028234663852885981e+38 -3.4028234663852885981e+38 -3.4028234663852885981e+38 -3.4028234663852885981e+38 -3.4028234663852885981e+38 -3.4028234663852885981e+38 -3.4028234663852885981e+38 -3.4028234663852885981e+38 -3.4028234663852885981e+38 -3.4028234663852885981e+38 -3.4028234663852885981e+38 -3.4028234663852885981e+38 -3.4028234663852885981e+38 -3.4028234663852885981e+38 -3.4028234663852885981e+38 -3.4028234663852885981e+38 -3.4028234663852885981e+38 -3.4028234663852885981e+38 0.93033540248870849609 0.94073259830474853516 0.92319661378860473633 0.88328415155410766602 0.86904144287109375 0.89960753917694091797 0.89913350343704223633 0.89789903163909912109 0.86981987953186035156 0.8885135650634765625 0.92577242851257324219 0.920322418212890625 0.89447873830795288086 0.8905836939811706543 0.89438170194625854492
