model/gis/productivity/productivity_3000BC.asc
ncols        112
nrows        95
xllcorner    23.559640931500
yllcorner    37.981657135000
cellsize     0.008293991400
NODATA_value  -9999
[rows 32 to 47 of 95, columns 36 to 71 of 112]
0.66911244392395019531 0.70195853710174560547 0.7897097468376159668 0.84459823369979858398 0.88172924518585205078 0.82910352945327758789 0.8149382472038269043 0.80716300010681152344 0.84483706951141357422 0.80497467517852783203 0.81457877159118652344 0.83795559406280517578 0.86297607421875 0.86369204521179199219 0.85093450546264648438 0.82895624637603759766 0.81914418935775756836 0.8382937312126159668 0.84579527378082275391 0.85903024673461914063 0.86627304553985595703 0.86562430858612060547 0.86343502998352050781 0.87482541799545288086 0.89711558818817138672 0.90765613317489624023 0.88688361644744873047 0.8698323369026184082 0.90504813194274902344 0.91007971763610839844 0.92379879951477050781 0.9201958775520324707 0.90167856216430664063 0.87805902957916259766 0.84097057580947875977 0.79580670595169067383
0.72015559673309326172 0.67244011163711547852 0.73124712705612182617 0.78583121299743652344 0.83144235610961914063 0.87064504623413085938 0.83196520805358886719 0.79372328519821166992 0.84778356552124023438 0.82300424575805664063 0.83425152301788330078 0.84345567226409912109 0.84765195846557617188 0.84522289037704467773 0.86457687616348266602 0.87084501981735229492 0.86831182241439819336 0.85687363147735595703 0.84501338005065917969 0.83517843484878540039 0.8480809330940246582 0.85715091228485107422 0.85931730270385742188 0.87565237283706665039 0.8865203857421875 0.88322675228118896484 0.87993764877319335938 0.88099443912506103516 0.9201596379280090332 0.91643756628036499023 0.91210842132568359375 0.92777240276336669922 0.90886664390563964844 0.87410068511962890625 0.83790367841720581055 0.80162161588668823242
0.71652966737747192383 0.66225779056549072266 0.69897031784057617188 0.76926779747009277344 0.82087469100952148438 0.85055726766586303711 0.82227480411529541016 0.76104605197906494141 0.77445238828659057617 0.83519721031188964844 0.85202187299728393555 0.81945240497589111328 0.80310702323913574219 0.8297049403190612793 0.85191804170608520508 0.85532957315444946289 0.85436397790908813477 0.85516893863677978516 0.89685368537902832031 0.90315735340118408203 0.90608125925064086914 0.90043437480926513672 0.90387463569641113281 0.90362071990966796875 0.89835333824157714844 0.91370481252670288086 0.92197662591934204102 0.90068960189819335938 0.89729630947113037109 0.8839365839958190918 0.88536155223846435547 0.91076952219009399414 0.92068767547607421875 0.86698073148727416992 0.82625734806060791016 0.83251792192459106445
0.77007544040679931641 0.67747485637664794922 0.6880162358283996582 0.75142884254455566406 0.78927075862884521484 0.78797221183776855469 0.80895328521728515625 0.79704773426055908203 0.78484642505645751953 0.82794481515884399414 0.84364366531372070313 0.79993045330047607422 0.81427186727523803711 0.86086505651473999023 0.87653708457946777344 0.8705596923828125 0.87118798494338989258 0.87977510690689086914 0.89908552169799804688 0.89442414045333862305 0.90769022703170776367 0.88526421785354614258 0.87221068143844604492 0.87126213312149047852 0.8696715235710144043 0.87441450357437133789 0.87010759115219116211 0.86856311559677124023 0.8739674687385559082 0.8852532505989074707 0.88428193330764770508 0.92901194095611572266 0.92545539140701293945 0.88122284412384033203 0.8229872584342956543 0.8082268834114074707
0.67485213279724121094 0.60543769598007202148 0.65997362136840820313 0.72270178794860839844 0.75888311862945556641 0.79234182834625244141 0.86325567960739135742 0.82412058115005493164 0.76534110307693481445 0.82343727350234985352 0.82236063480377197266 0.82441365718841552734 0.84438848495483398438 0.83695662021636962891 0.86230939626693725586 0.88996583223342895508 0.88602370023727416992 0.88732659816741943359 0.88381499052047729492 0.86953032016754150391 0.87129235267639160156 0.89161247014999389648 0.89168810844421386719 0.87609696388244628906 0.89117097854614257813 0.91209852695465087891 0.90027248859405517578 0.89036828279495239258 0.89921647310256958008 0.87474721670150756836 0.87835574150085449219 0.91493195295333862305 0.92444694042205810547 0.91656571626663208008 0.88723415136337280273 0.89128071069717407227
0.59845572710037231445 0.62381136417388916016 0.70305579900741577148 0.7670815587043762207 0.81030189990997314453 0.85714095830917358398 0.85672348737716674805 0.75682592391967773438 0.73337864875793457031 0.80351251363754272461 0.76934486627578735352 0.82647162675857543945 0.84411662817001342773 0.80645871162414550781 0.82146120071411132813 0.8782342076301574707 0.88476109504699707031 0.88770997524261474609 0.88609880208969116211 0.88346809148788452148 0.87568742036819458008 0.8820584416389465332 0.87787520885467529297 0.87143993377685546875 0.88624185323715209961 0.88376480340957641602 0.88290607929229736328 0.89635831117630004883 0.87996745109558105469 0.87096452713012695313 0.89458423852920532227 0.93292021751403808594 0.93408811092376708984 0.92612618207931518555 0.90934896469116210938 0.88795870542526245117
0.57825702428817749023 0.6685028076171875 0.75859183073043823242 0.81771957874298095703 0.84957748651504516602 0.88518571853637695313 0.83248734474182128906 0.74018400907516479492 0.71646869182586669922 0.82481366395950317383 0.74191153049468994141 0.78291290998458862305 0.81691122055053710938 0.77193546295166015625 0.81999701261520385742 0.87757599353790283203 0.88986474275588989258 0.89274036884307861328 0.89510530233383178711 0.89787817001342773438 0.88680052757263183594 0.88452988862991333008 0.87371659278869628906 0.87823265790939331055 0.89073044061660766602 0.8901665806770324707 0.88274049758911132813 0.88780206441879272461 0.88792943954467773438 0.87892776727676391602 0.90691298246383666992 0.93301028013229370117 0.93041437864303588867 0.91944450139999389648 0.90379661321640014648 0.89088028669357299805
0.62522798776626586914 0.74369978904724121094 0.82082718610763549805 0.85186898708343505859 0.87593287229537963867 0.89663350582122802734 0.85019576549530029297 0.77276307344436645508 0.68451637029647827148 0.75448572635650634766 0.77054554224014282227 0.74446439743041992188 0.76860201358795166016 0.7865626215934753418 0.84549635648727416992 0.88900351524353027344 0.9036000370979309082 0.91110450029373168945 0.91278177499771118164 0.9070949554443359375 0.89091837406158447266 0.88280427455902099609 0.87923967838287353516 0.89494663476943969727 0.91243827342987060547 0.91901683807373046875 0.91195893287658691406 0.89654362201690673828 0.91069900989532470703 0.89385527372360229492 0.89998131990432739258 0.9225152134895324707 0.92558580636978149414 0.91018080711364746094 0.8946698307991027832 0.89175331592559814453
0.73790258169174194336 0.82025033235549926758 0.85963326692581176758 0.87644433975219726563 0.90289515256881713867 0.90505439043045043945 0.87550258636474609375 0.8087832331657409668 0.68942582607269287109 0.75033992528915405273 0.7874895930290222168 0.74527537822723388672 0.766010284423828125 0.81073987483978271484 0.86286169290542602539 0.89718115329742431641 0.92300105094909667969 0.93103927373886108398 0.92930066585540771484 0.92398864030838012695 0.91240477561950683594 0.91904157400131225586 0.92767477035522460938 0.9313793182373046875 0.93014556169509887695 0.92384433746337890625 0.9146525263786315918 0.90254342555999755859 0.91456270217895507813 0.90889006853103637695 0.90154922008514404297 0.93016302585601806641 0.91954261064529418945 0.89749264717102050781 0.88065648078918457031 0.87526559829711914063
0.84629601240158081055 0.87471413612365722656 0.88864815235137939453 0.89935779571533203125 0.91842246055603027344 0.89583230018615722656 0.87313240766525268555 0.80282133817672729492 0.69288581609725952148 0.75913202762603759766 0.80078643560409545898 0.74723017215728759766 0.75935971736907958984 0.80561840534210205078 0.85929381847381591797 0.9012171626091003418 0.93151611089706420898 0.93136173486709594727 0.93330103158950805664 0.93120461702346801758 0.92518258094787597656 0.92543661594390869141 0.92681461572647094727 0.91781115531921386719 0.91223436594009399414 0.91655296087265014648 0.92237228155136108398 0.89751660823822021484 0.91339015960693359375 0.89931660890579223633 0.90546566247940063477 0.93319869041442871094 0.91392934322357177734 0.89720338582992553711 0.87845814228057861328 0.87058037519454956055
0.90135061740875244141 0.90452140569686889648 0.9102318882942199707 0.91483420133590698242 0.92209458351135253906 0.89535439014434814453 0.86033868789672851563 0.79296910762786865234 0.70197886228561401367 0.72115308046340942383 0.79921853542327880859 0.76416897773742675781 0.7786223292350769043 0.78603267669677734375 0.83694428205490112305 0.89853042364120483398 0.92699933052062988281 0.9287268519401550293 0.9267094731330871582 0.92876011133193969727 0.93454706668853759766 0.91116738319396972656 0.89708238840103149414 0.90318459272384643555 0.91020816564559936523 0.92009812593460083008 0.90542423725128173828 0.88467752933502197266 0.91291773319244384766 0.88409936428070068359 0.92292451858520507813 0.9109064936637878418 0.89895927906036376953 0.88748067617416381836 0.87528473138809204102 0.87597334384918212891
0.91937273740768432617 0.91671031713485717773 0.91941690444946289063 0.92229998111724853516 0.92858374118804931641 0.90894198417663574219 0.87349086999893188477 0.81798291206359863281 0.73728585243225097656 0.69672167301177978516 0.79292100667953491211 0.77004230022430419922 0.78352975845336914063 0.78768134117126464844 0.82549434900283813477 0.88401174545288085938 0.91192895174026489258 0.92114108800888061523 0.92220091819763183594 0.90995657444000244141 0.90558326244354248047 0.90812665224075317383 0.91406995058059692383 0.92850321531295776367 0.92610925436019897461 0.90825176239013671875 0.88648295402526855469 0.8806292414665222168 0.90185195207595825195 0.87717217206954956055 0.92853832244873046875 0.90590560436248779297 0.89512842893600463867 0.87992382049560546875 0.86832582950592041016 0.89775741100311279297
0.92777866125106811523 0.92426007986068725586 0.92482388019561767578 0.924327850341796875 0.93064701557159423828 0.91785824298858642578 0.89170974493026733398 0.86755591630935668945 0.80427944660186767578 0.7217617034912109375 0.73546773195266723633 0.74459993839263916016 0.76546627283096313477 0.78934001922607421875 0.83181202411651611328 0.88083297014236450195 0.90673249959945678711 0.89696675539016723633 0.89388650655746459961 0.90307849645614624023 0.92906337976455688477 0.9407672882080078125 0.93637675046920776367 0.93828183412551879883 0.91751426458358764648 0.89747929573059082031 0.87458270788192749023 0.89857387542724609375 0.88381224870681762695 0.88669508695602416992 0.93231612443923950195 0.9093716740608215332 0.88808625936508178711 0.86221826076507568359 0.8546479344367980957 0.88889259099960327148
0.94162058830261230469 0.93270391225814819336 0.92903703451156616211 0.92701101303100585938 0.93325316905975341797 0.92261278629302978516 0.89880335330963134766 0.88369309902191162109 0.83933824300765991211 0.7656109929084777832 0.71216487884521484375 0.72199606895446777344 0.77361118793487548828 0.83396291732788085938 0.89740389585494995117 -3.4028234663852885981e+38 -3.4028234663852885981e+38 -3.4028234663852885981e+38 0.91567969322204589844 0.92716538906097412109 0.93509024381637573242 0.94405519962310791016 0.936206817626953125 0.94432520866394042969 0.91613167524337768555 0.89599299430847167969 0.87985283136367797852 0.90127855539321899414 0.88685047626495361328 0.91267377138137817383 0.93221145868301391602 0.92253124713897705078 0.90549516677856445313 0.87495028972625732422 0.83868801593780517578 0.84028476476669311523
-3.4028234663852885981e+38 -3.4028234663852885981e+38 -3.4028234663852885981e+38 -3.4028234663852885981e+38 -3.4028234663852885981e+38 0.93353575468063354492 0.91769498586654663086 0.91117501258850097656 0.88808470964431762695 0.86048787832260131836 0.8418547511100769043 0.84423023462295532227 0.85817486047744750977 -3.4028234663852885981e+38 -3.4028234663852885981e+38 -3.4028234663852885981e+38 -3.4028234663852885981e+38 -3.4028234663852885981e+38 -3.4028234663852885981e+38 -3.4028234663852885981e+38 -3.4028234663852885981e+38 0.92774808406829833984 0.93376278877258300781 0.93699872493743896484 0.91811430454254150391 0.89809459447860717773 0.88896709680557250977 0.9095242619514465332 0.88692390918731689453 0.88225471973419189453 0.90608137845993041992 0.92073196172714233398 0.91198915243148803711 0.90109014511108398438 0.85263371467590332031 0.8138872981071472168
-3.4028234663852885981e+38 -3.4028234663852885981e+38 -3.4028234663852885981e+38 -3.4028234663852885981e+38 -3.4028234663852885981e+38 -3.4028234663852885981e+38 -3.4028234663852885981e+38 -3.4028234663852885981e+38 -3.4028234663852885981e+38 -3.4028234663852885981e+38 -3.4028234663852885981e+38 -3.4028234663852885981e+38 -3.4028234663852885981e+38 -3.4028234663852885981e+38 -3.4028234663852885981e+38 -3.4028234663852885981e+38 -3.4028234663852885981e+38 -3.4028234663852885981e+38 -3.4028234663852885981e+38 -3.4028234663852885981e+38 -3.4028234663852885981e+38 -3.4028234663852885981e+38 0.91997992992401123047 0.87339270114898681641 0.81546157598495483398 0.78720593452453613281 0.80575197935104370117 0.89609509706497192383 0.87147748470306396484 0.88847261667251586914 0.8565425872802734375 0.89799785614013671875 0.88150924444198608398 0.88703233003616333008 0.91957575082778930664 0.93694013357162475586
