model/gis/productivity/productivity_3000BC.asc
ncols        112
nrows        95
xllcorner    23.559640931500
yllcorner    37.981657135000
cellsize     0.008293991400
NODATA_value  -9999
[rows 32 to 47 of 95, columns 0 to 35 of 112]
-3.4028234663852885981e+38 -3.4028234663852885981e+38 -3.4028234663852885981e+38 -3.4028234663852885981e+38 -3.4028234663852885981e+38 -3.4028234663852885981e+38 -3.4028234663852885981e+38 -3.4028234663852885981e+38 0.92646259069442749023 0.89883142709732055664 0.85424363613128662109 0.83509969711303710938 0.83834403753280639648 0.8687540888786315918 0.86501717567443847656 0.84853649139404296875 0.89402079582214355469 0.91158622503280639648 0.88699966669082641602 0.89921921491622924805 0.88764554262161254883 0.87784922122955322266 0.8623377680778503418 0.85403245687484741211 0.85580784082412719727 0.86870586872100830078 0.89063435792922973633 0.87622779607772827148 0.8590717315673828125 0.86255860328674316406 0.86192888021469116211 0.80604290962219238281 0.71806305646896362305 0.68039625883102416992 0.68437695503234863281 0.67848896980285644531
-3.4028234663852885981e+38 -3.4028234663852885981e+38 -3.4028234663852885981e+38 -3.4028234663852885981e+38 -3.4028234663852885981e+38 -3.4028234663852885981e+38 -3.4028234663852885981e+38 0.93859201669692993164 0.93104666471481323242 0.9186954498291015625 0.89358603954315185547 0.85498815774917602539 0.83243077993392944336 0.83779555559158325195 0.86436635255813598633 0.84499466419219970703 0.92713385820388793945 0.87319695949554443359 0.87331551313400268555 0.89501690864562988281 0.9010245203971862793 0.87945371866226196289 0.85957396030426025391 0.85414469242095947266 0.85346621274948120117 0.8512007594108581543 0.86985999345779418945 0.87529814243316650391 0.87130814790725708008 0.86327058076858520508 0.85416483879089355469 0.77395957708358764648 0.67758715152740478516 0.67435175180435180664 0.68702560663223266602 0.7193012237548828125
-3.4028234663852885981e+38 -3.4028234663852885981e+38 -3.4028234663852885981e+38 -3.4028234663852885981e+38 -3.4028234663852885981e+38 -3.4028234663852885981e+38 -3.4028234663852885981e+38 0.94477295875549316406 0.92796170711517333984 0.91698229312896728516 0.93489462137222290039 0.90923643112182617188 0.86763685941696166992 0.85243856906890869141 0.86234438419342041016 0.85933667421340942383 0.89593106508255004883 0.85372388362884521484 0.87822091579437255859 0.86117970943450927734 0.86645883321762084961 0.86267960071563720703 0.85460096597671508789 0.84087520837783813477 0.83453184366226196289 0.82435256242752075195 0.82911288738250732422 0.8277505040168762207 0.85769891738891601563 0.85870820283889770508 0.83969885110855102539 0.77705770730972290039 0.69870150089263916016 0.73493111133575439453 0.79457873106002807617 0.73326647281646728516
-3.4028234663852885981e+38 -3.4028234663852885981e+38 -3.4028234663852885981e+38 -3.4028234663852885981e+38 -3.4028234663852885981e+38 -3.4028234663852885981e+38 0.93688189983367919922 0.94214940071105957031 0.92627853155136108398 0.91524517536163330078 0.93419057130813598633 0.93259674310684204102 0.89513230323791503906 0.87511408329010009766 0.88066995143890380859 0.90380436182022094727 0.89467531442642211914 0.84511047601699829102 0.87261915206909179688 0.87738221883773803711 0.83762824535369873047 0.83132815361022949219 0.84633934497833251953 0.85536569356918334961 0.86375176906585693359 0.84137940406799316406 0.82198345661163330078 0.80943542718887329102 0.82574415206909179688 0.8604195713996887207 0.8290202021598815918 0.78550827503204345703 0.74276340007781982422 0.72507452964782714844 0.75124275684356689453 0.74098807573318481445
-3.4028234663852885981e+38 -3.4028234663852885981e+38 -3.4028234663852885981e+38 -3.4028234663852885981e+38 0.92224931716918945313 0.93178290128707885742 0.92715907096862792969 0.92442244291305541992 0.93182694911956787109 0.92891788482666015625 0.91545021533966064453 0.92980742454528808594 0.91467928886413574219 0.91951531171798706055 0.9264634251594543457 0.9301707148551940918 0.8817812800407409668 0.8505954742431640625 0.84717863798141479492 0.84968525171279907227 0.83172059059143066406 0.82816272974014282227 0.84657180309295654297 0.88723969459533691406 0.85623967647552490234 0.84371495246887207031 0.85441815853118896484 0.86620044708251953125 0.87073856592178344727 0.86698347330093383789 0.81737512350082397461 0.77971488237380981445 0.75441771745681762695 0.71489137411117553711 0.70351928472518920898 0.78787243366241455078
-3.4028234663852885981e+38 -3.4028234663852885981e+38 -3.4028234663852885981e+38 0.90856492519378662109 0.92546159029006958008 0.9326642155647277832 0.91222929954528808594 0.89167624711990356445 0.88762468099594116211 0.90510016679763793945 0.93551361560821533203 0.9227187037467956543 0.91728067398071289063 0.92794668674468994141 0.92820668220520019531 0.91217690706253051758 0.8702564239501953125 0.84761101007461547852 0.83893513679504394531 0.86158031225204467773 0.86232584714889526367 0.89068543910980224609 0.86407274007797241211 0.85541617870330810547 0.87955361604690551758 0.86530441045761108398 0.86043536663055419922 0.85925793647766113281 0.87876152992248535156 0.85737121105194091797 0.83724200725555419922 0.79040777683258056641 0.74723029136657714844 0.6860027313232421875 0.73292750120162963867 0.7222601771354675293
-3.4028234663852885981e+38 -3.4028234663852885981e+38 -3.4028234663852885981e+38 0.90257972478866577148 0.92409473657608032227 0.92861354351043701172 0.90802627801895141602 0.8921801447868347168 0.9218832850456237793 0.89988243579864501953 0.93066424131393432617 0.92927837371826171875 0.91915750503540039063 0.91503709554672241211 0.92156225442886352539 0.90739721059799194336 0.87155699729919433594 0.84627056121826171875 0.829677581787109375 0.8309872746467590332 0.83494555950164794922 0.83799421787261962891 0.82641190290451049805 0.86134415864944458008 0.89099073410034179688 0.83942931890487670898 0.82268583774566650391 0.8075466156005859375 0.78245341777801513672 0.78290331363677978516 0.81839323043823242188 0.81529420614242553711 0.74444687366485595703 0.69426023960113525391 0.70024132728576660156 0.60224795341491699219
-3.4028234663852885981e+38 -3.4028234663852885981e+38 -3.4028234663852885981e+38 -3.4028234663852885981e+38 0.90443152189254760742 0.93321967124938964844 0.92164474725723266602 0.89589011669158935547 0.88955610990524291992 0.90554952621459960938 0.93590396642684936523 0.93908429145812988281 0.93835699558258056641 0.93781775236129760742 0.92831701040267944336 0.90643465518951416016 0.88693279027938842773 0.87548172473907470703 0.85492837429046630859 0.83743906021118164063 0.83369773626327514648 0.83985596895217895508 0.85350179672241210938 0.88697493076324462891 0.85456871986389160156 0.84336620569229125977 0.84257781505584716797 0.81608611345291137695 0.79404407739639282227 0.82793545722961425781 0.82210624217987060547 0.81671172380447387695 0.72044771909713745117 0.64529395103454589844 0.59691458940505981445 0.56376314163208007813
-3.4028234663852885981e+38 -3.4028234663852885981e+38 -3.4028234663852885981e+38 -3.4028234663852885981e+38 -3.4028234663852885981e+38 -3.4028234663852885981e+38 -3.4028234663852885981e+38 0.93972086906433105469 0.92462718486785888672 0.93511438369750976563 0.9435551762580871582 0.9439436793327331543 0.94114607572555541992 0.94209361076354980469 0.92447233200073242188 0.90768080949783325195 0.90128332376480102539 0.90254259109497070313 0.90045857429504394531 0.88182246685028076172 0.88153231143951416016 0.88740807771682739258 0.90489435195922851563 0.86496067047119140625 0.85487550497055053711 0.84198433160781860352 0.80719703435897827148 0.76166927814483642578 0.72890603542327880859 0.69282591342926025391 0.6758365631103515625 0.69240731000900268555 0.67253041267395019531 0.62735903263092041016 0.61002999544143676758 0.6459681391716003418
-3.4028234663852885981e+38 -3.4028234663852885981e+38 -3.4028234663852885981e+38 -3.4028234663852885981e+38 -3.4028234663852885981e+38 -3.4028234663852885981e+38 -3.4028234663852885981e+38 0.93475681543350219727 0.94249284267425537109 0.9439220428466796875 0.94302898645401000977 0.94409400224685668945 0.94175708293914794922 0.93950021266937255859 0.92503297328948974609 0.91649472713470458984 0.90326964855194091797 0.89015662670135498047 0.88571226596832275391 0.87465375661849975586 0.87549662590026855469 0.87828862667083740234 0.87005585432052612305 0.84963184595108032227 0.83874946832656860352 0.81264692544937133789 0.78527015447616577148 0.7483279109001159668 0.70929998159408569336 0.68854993581771850586 0.71518540382385253906 0.76053184270858764648 0.77752017974853515625 0.76462417840957641602 0.77565377950668334961 0.80608296394348144531
-3.4028234663852885981e+38 -3.4028234663852885981e+38 -3.4028234663852885981e+38 -3.4028234663852885981e+38 -3.4028234663852885981e+38 -3.4028234663852885981e+38 -3.4028234663852885981e+38 -3.4028234663852885981e+38 -3.4028234663852885981e+38 0.93911874294281005859 0.93693459033966064453 0.94328641891479492188 0.93613535165786743164 0.93040049076080322266 0.92278259992599487305 0.91277891397476196289 0.90509152412414550781 0.89160829782485961914 0.87305492162704467773 0.85803210735321044922 0.84820616245269775391 0.84596496820449829102 0.83939111232757568359 0.82883673906326293945 0.82039886713027954102 0.81198304891586303711 0.81307035684585571289 0.81522870063781738281 0.81182080507278442383 0.81783705949783325195 0.84356659650802612305 0.86523389816284179688 0.8778197169303894043 0.87174487113952636719 0.87700068950653076172 0.89117348194122314453
-3.4028234663852885981e+38 -3.4028234663852885981e+38 -3.4028234663852885981e+38 -3.4028234663852885981e+38 -3.4028234663852885981e+38 -3.4028234663852885981e+38 -3.4028234663852885981e+38 -3.4028234663852885981e+38 -3.4028234663852885981e+38 0.94185835123062133789 0.93900376558303833008 0.94434279203414916992 0.93723559379577636719 0.9317976832389831543 0.92795604467391967773 0.9305324554443359375 0.93802636861801147461 0.93417942523956298828 0.92091363668441772461 0.90307420492172241211 0.88708972930908203125 0.88266420364379882813 0.87262773513793945313 0.85852456092834472656 0.85484290122985839844 0.85630238056182861328 0.86101055145263671875 0.87051373720169067383 0.87385952472686767578 0.87203711271286010742 0.88636612892150878906 0.89781916141510009766 0.90961003303527832031 0.90911597013473510742 0.91188341379165649414 0.91768354177474975586
-3.4028234663852885981e+38 -3.4028234663852885981e+38 -3.4028234663852885981e+38 -3.4028234663852885981e+38 -3.4028234663852885981e+38 -3.4028234663852885981e+38 -3.4028234663852885981e+38 -3.4028234663852885981e+38 -3.4028234663852885981e+38 -3.4028234663852885981e+38 0.93844252824783325195 0.94552248716354370117 0.93891453742980957031 0.93738836050033569336 -3.4028234663852885981e+38 -3.4028234663852885981e+38 -3.4028234663852885981e+38 -3.4028234663852885981e+38 -3.4028234663852885981e+38 -3.4028234663852885981e+38 0.93591362237930297852 0.9273777008056640625 0.91215473413467407227 0.90536195039749145508 0.90295118093490600586 0.8951244354248046875 0.88336640596389770508 0.88401830196380615234 0.88359236717224121094 0.88797599077224731445 0.91443014144897460938 0.93013983964920043945 0.93131738901138305664 0.93499135971069335938 0.93659543991088867188 0.9334767460823059082
-3.4028234663852885981e+38 -3.4028234663852885981e+38 -3.4028234663852885981e+38 -3.4028234663852885981e+38 -3.4028234663852885981e+38 -3.4028234663852885981e+38 -3.4028234663852885981e+38 -3.4028234663852885981e+38 -3.4028234663852885981e+38 -3.4028234663852885981e+38 -3.4028234663852885981e+38 -3.4028234663852885981e+38 -3.4028234663852885981e+38 -3.4028234663852885981e+38 -3.4028234663852885981e+38 -3.4028234663852885981e+38 -3.4028234663852885981e+38 -3.4028234663852885981e+38 -3.4028234663852885981e+38 -3.4028234663852885981e+38 -3.4028234663852885981e+38 -3.4028234663852885981e+38 -3.4028234663852885981e+38 -3.4028234663852885981e+38 0.94069558382034301758 0.9212996363639831543 0.90367960929870605469 0.90279918909072875977 0.90271484851837158203 0.91120249032974243164 0.92105436325073242188 0.91567337512969970703 -3.4028234663852885981e+38 -3.4028234663852885981e+38 -3.4028234663852885981e+38 -3.4028234663852885981e+38
-3.4028234663852885981e+38 -3.4028234663852885981e+38 -3.4028234663852885981e+38 -3.4028234663852885981e+38 -3.4028234663852885981e+38 -3.4028234663852885981e+38 -3.4028234663852885981e+38 -3.4028234663852885981e+38 -3.4028234663852885981e+38 -3.4028234663852885981e+38 -3.4028234663852885981e+38 -3.4028234663852885981e+38 -3.4028234663852885981e+38 -3.4028234663852885981e+38 -3.4028234663852885981e+38 -3.4028234663852885981e+38 -3.4028234663852885981e+38 -3.4028234663852885981e+38 -3.4028234663852885981e+38 -3.4028234663852885981e+38 -3.4028234663852885981e+38 -3.4028234663852885981e+38 -3.4028234663852885981e+38 -3.4028234663852885981e+38 -3.4028234663852885981e+38 -3.4028234663852885981e+38 -3.4028234663852885981e+38 0.92690885066986083984 0.92145568132400512695 0.92222017049789428711 0.91210329532623291016 0.90146303176879882813 -3.4028234663852885981e+38 -3.4028234663852885981e+38 -3.4028234663852885981e+38 -3.4028234663852885981e+38
-3.4028234663852885981e+38 -3.4028234663852885981e+38 -3.4028234663852885981e+38 -3.4028234663852885981e+38 -3.4028234663852885981e+38 -3.4028234663852885981e+38 -3.4028234663852885981e+38 -3.4028234663852885981e+38 -3.4028234663852885981e+38 -3.4028234663852885981e+38 -3.4028234663852885981e+38 -3.4028234663852885981e+38 -3.4028234663852885981e+38 -3.4028234663852885981e+38 -3.4028234663852885981e+38 -3.4028234663852885981e+38 -3.4028234663852885981e+38 -3.4028234663852885981e+38 -3.4028234663852885981e+38 -3.4028234663852885981e+38 -3.4028234663852885981e+38 -3.4028234663852885981e+38 -3.4028234663852885981e+38 -3.4028234663852885981e+38 -3.4028234663852885981e+38 -3.4028234663852885981e+38 -3.4028234663852885981e+38 -3.4028234663852885981e+38 -3.4028234663852885981e+38 -3.4028234663852885981e+38 -3.4028234663852885981e+38 -3.4028234663852885981e+38 -3.4028234663852885981e+38 -3.4028234663852885981e+38 -3.4028234663852885981e+38 -3.4028234663852885981e+38
