model/gis/productivity/productivity_1500BC.asc
ncols        112
nrows        95
xllcorner    23.558333239100
yllcorner    37.983333181400
cellsize     0.008333333300
NODATA_value  -9999
[rows 16 to 31 of 95, columns 36 to 71 of 112]
0.72343349456787109375 0.76236146688461303711 0.76157790422439575195 0.69468599557876586914 0.75898128747940063477 0.84497773647308349609 0.82045751810073852539 0.71663957834243774414 0.74386209249496459961 0.80895173549652099609 0.81508284807205200195 0.8127587437629699707 0.61160016059875488281 0.68538874387741088867 0.75652617216110229492 0.73892629146575927734 0.77454781532287597656 0.74786520004272460938 0.76230585575103759766 0.66481244564056396484 0.75674927234649658203 0.84685689210891723633 0.83455443382263183594 0.80398720502853393555 0.81172555685043334961 0.82352197170257568359 0.85233968496322631836 0.8642527461051940918 0.84350758790969848633 0.87245738506317138672 0.85306519269943237305 0.82906550168991088867 0.83803737163543701172 -3.4028234663852885981e+38 -3.4028234663852885981e+38 -3.4028234663852885981e+38
0.68977570533752441406 0.78123795986175537109 0.69045650959014892578 0.69609206914901733398 0.79841697216033935547 0.85794818401336669922 0.73404556512832641602 0.69137018918991088867 0.75151038169860839844 0.7322947382926940918 0.82164436578750610352 0.80798882246017456055 0.61805546283721923828 0.66175818443298339844 0.79642844200134277344 0.78266733884811401367 0.78311580419540405273 0.82048195600509643555 0.81230133771896362305 0.72572809457778930664 0.68616193532943725586 0.73923039436340332031 0.8052520751953125 0.84026932716369628906 0.8626079559326171875 0.84868448972702026367 0.84238719940185546875 0.86300790309906005859 0.86382091045379638672 0.84874856472015380859 0.83804041147232055664 0.86164397001266479492 0.89966487884521484375 -3.4028234663852885981e+38 -3.4028234663852885981e+38 -3.4028234663852885981e+38
0.70645219087600708008 0.6644687652587890625 0.67653989791870117188 0.79489421844482421875 0.84226256608963012695 0.80445444583892822266 0.69403249025344848633 0.69468224048614501953 0.70855593681335449219 0.65086978673934936523 0.73631882667541503906 0.80746680498123168945 0.64158469438552856445 0.65965366363525390625 0.80524665117263793945 0.79553180932998657227 0.79463243484497070313 0.81407380104064941406 0.80877256393432617188 0.8006007075309753418 0.70557069778442382813 0.66646552085876464844 0.7160059809684753418 0.80933028459548950195 0.87909674644470214844 0.86895024776458740234 0.83634042739868164063 0.81688535213470458984 0.81941950321197509766 0.8440749049186706543 0.83725255727767944336 0.88024812936782836914 0.92460548877716064453 -3.4028234663852885981e+38 -3.4028234663852885981e+38 -3.4028234663852885981e+38
0.74969428777694702148 0.63066428899765014648 0.67026031017303466797 0.77244132757186889648 0.7520809173583984375 0.73826020956039428711 0.65806919336318969727 0.663524627685546875 0.6921469569206237793 0.63473272323608398438 0.68764531612396240234 0.72834187746047973633 0.66046428680419921875 0.71656882762908935547 0.81459182500839233398 0.82168567180633544922 0.81981080770492553711 0.78942251205444335938 0.80236798524856567383 0.80815136432647705078 0.77121698856353759766 0.68711143732070922852 0.69061237573623657227 0.76713085174560546875 0.84742116928100585938 0.89120054244995117188 0.87835967540740966797 0.85714232921600341797 0.85605067014694213867 0.86098086833953857422 0.85985833406448364258 0.90633553266525268555 0.92931789159774780273 -3.4028234663852885981e+38 -3.4028234663852885981e+38 -3.4028234663852885981e+38
0.74667793512344360352 0.70748114585876464844 0.65302479267120361328 0.73429721593856811523 0.73956352472305297852 0.69942837953567504883 0.62416148185729980469 0.65138876438140869141 0.69041019678115844727 0.63112241029739379883 0.6150836944580078125 0.57938826084136962891 0.60065597295761108398 0.71896415948867797852 0.78527557849884033203 0.78017789125442504883 0.74965292215347290039 0.73782378435134887695 0.75416350364685058594 0.81747663021087646484 0.76055407524108886719 0.70177710056304931641 0.71834862232208251953 0.75234967470169067383 0.810573577880859375 0.89386355876922607422 0.92036938667297363281 0.93408197164535522461 0.90932095050811767578 0.89495539665222167969 0.8840853571891784668 0.91613519191741943359 0.93523865938186645508 -3.4028234663852885981e+38 -3.4028234663852885981e+38 -3.4028234663852885981e+38
0.71699035167694091797 0.81684499979019165039 0.70299100875854492188 0.67406034469604492188 0.64200049638748168945 0.59060662984848022461 0.56863349676132202148 0.65122592449188232422 0.70215916633605957031 0.67954021692276000977 0.61681753396987915039 0.59826529026031494141 0.67382895946502685547 0.72660881280899047852 0.78980296850204467773 0.79047572612762451172 0.75613069534301757813 0.76367485523223876953 0.72417545318603515625 0.74079042673110961914 0.7363872528076171875 0.70567405223846435547 0.73691898584365844727 0.76789307594299316406 0.81707465648651123047 0.89556795358657836914 0.90764182806015014648 0.87114000320434570313 0.84510201215744018555 0.84258061647415161133 0.83713287115097045898 0.86100298166275024414 0.91157120466232299805 -3.4028234663852885981e+38 -3.4028234663852885981e+38 -3.4028234663852885981e+38
0.75817704200744628906 0.75696659088134765625 0.76883679628372192383 0.64288413524627685547 0.57433098554611206055 0.60332375764846801758 0.68902665376663208008 0.74115741252899169922 0.72106075286865234375 0.77457547187805175781 0.75058877468109130859 0.76674598455429077148 0.69973611831665039063 0.73186707496643066406 0.80871278047561645508 0.8051783442497253418 0.75613981485366821289 0.78309690952301025391 0.68329632282257080078 0.69271713495254516602 0.72891855239868164063 0.70558410882949829102 0.75120985507965087891 0.80560415983200073242 0.85588335990905761719 0.91464066505432128906 0.87231963872909545898 0.84108000993728637695 0.87983381748199462891 0.89074027538299560547 0.87661176919937133789 0.85305684804916381836 0.89176416397094726563 0.94001597166061401367 -3.4028234663852885981e+38 -3.4028234663852885981e+38
0.76331627368927001953 0.74197882413864135742 0.65489608049392700195 0.64582550525665283203 0.69786995649337768555 0.75002783536911010742 0.70529150962829589844 0.66119819879531860352 0.68344503641128540039 0.722377777099609375 0.70211201906204223633 0.67838335037231445313 0.68069922924041748047 0.7503401637077331543 0.79001474380493164063 0.79331231117248535156 0.75779718160629272461 0.80405867099761962891 0.67286330461502075195 0.67346143722534179688 0.72791373729705810547 0.73570370674133300781 0.79382622241973876953 0.85228043794631958008 0.89493346214294433594 0.91973054409027099609 0.88039129972457885742 0.87715047597885131836 0.83770203590393066406 0.83368211984634399414 0.84914511442184448242 0.86065149307250976563 0.91825503110885620117 0.89500635862350463867 0.88973820209503173828 -3.4028234663852885981e+38
0.77780258655548095703 0.74826294183731079102 0.63544249534606933594 0.60720074176788330078 0.66757720708847045898 0.70207202434539794922 0.69961142539978027344 0.70985007286071777344 0.78514319658279418945 0.78965485095977783203 0.78765195608139038086 0.76127290725708007813 0.76866489648818969727 0.771892547607421875 0.73142647743225097656 0.68494242429733276367 0.65496695041656494141 0.67619657516479492188 0.71713286638259887695 0.66727429628372192383 0.7243251800537109375 0.77260458469390869141 0.81532424688339233398 0.89605402946472167969 0.89908713102340698242 0.89720201492309570313 0.8973382115364074707 0.88766723871231079102 0.89393121004104614258 0.91236793994903564453 0.92157834768295288086 0.92614710330963134766 0.91424083709716796875 0.89500051736831665039 0.88644617795944213867 0.92263394594192504883
0.76568996906280517578 0.76302468776702880859 0.69032067060470581055 0.63633996248245239258 0.67300283908843994141 0.76230967044830322266 0.7344023585319519043 0.73617768287658691406 0.77534687519073486328 0.75868988037109375 0.71612745523452758789 0.70314896106719970703 0.7235889434814453125 0.7379468083381652832 0.71716618537902832031 0.66084694862365722656 0.61367756128311157227 0.58997869491577148438 0.65111249685287475586 0.68668270111083984375 0.70520502328872680664 0.76286751031875610352 0.83460104465484619141 0.90777099132537841797 0.9007511138916015625 0.90395641326904296875 0.91533106565475463867 0.92448353767395019531 0.93032848834991455078 0.94155138731002807617 0.92962145805358886719 0.92279988527297973633 0.93546134233474731445 0.91465294361114501953 0.93144387006759643555 0.89068001508712768555
0.81692945957183837891 0.78247177600860595703 0.73706793785095214844 0.66222673654556274414 0.6277167201042175293 0.72400081157684326172 0.72363126277923583984 0.73181933164596557617 0.76208364963531494141 0.7693093419075012207 0.76378720998764038086 0.76839047670364379883 0.79144304990768432617 0.82411569356918334961 0.81337732076644897461 0.77492195367813110352 0.76759749650955200195 0.70662987232208251953 0.63569283485412597656 0.68588477373123168945 0.74469989538192749023 0.79790514707565307617 0.88142198324203491211 0.92966729402542114258 0.92960727214813232422 0.93259537220001220703 0.93499034643173217773 0.9369042515754699707 0.94048213958740234375 0.93006718158721923828 0.93291097879409790039 0.93408954143524169922 0.92443072795867919922 0.93944048881530761719 0.89992874860763549805 0.86307662725448608398
0.82431888580322265625 0.84344649314880371094 0.81084609031677246094 0.73633980751037597656 0.65768420696258544922 0.71170639991760253906 0.74400389194488525391 0.75044882297515869141 0.78940570354461669922 0.81693255901336669922 0.81108462810516357422 0.79781389236450195313 0.81448906660079956055 0.80470418930053710938 0.79199182987213134766 0.80277895927429199219 0.83527725934982299805 0.84106683731079101563 0.8765799403190612793 0.85343652963638305664 0.83712953329086303711 0.82016021013259887695 0.88824862241744995117 0.8929615020751953125 0.8861395716667175293 0.89550411701202392578 0.91107857227325439453 0.92568582296371459961 0.93002349138259887695 0.93112647533416748047 0.93136054277420043945 0.92890280485153198242 0.93892943859100341797 0.91125524044036865234 0.87330532073974609375 0.84864330291748046875
0.84941363334655761719 0.88191854953765869141 0.85400736331939697266 0.78285014629364013672 0.69284641742706298828 0.68082129955291748047 0.74973148107528686523 0.77423256635665893555 0.79804682731628417969 0.81272405385971069336 0.80993545055389404297 0.81920146942138671875 0.85638344287872314453 0.86436372995376586914 0.84890580177307128906 0.83267194032669067383 0.83140164613723754883 0.82074326276779174805 0.81837832927703857422 0.8595148921012878418 0.85867321491241455078 0.8442637324333190918 0.88109755516052246094 0.88656365871429443359 0.89298135042190551758 0.89982575178146362305 0.90781801939010620117 0.9221935272216796875 0.93544441461563110352 0.93084263801574707031 0.92312359809875488281 0.94150525331497192383 0.92018276453018188477 0.89114928245544433594 0.84661042690277099609 0.8216769099235534668
0.80147594213485717773 0.80363595485687255859 0.81771641969680786133 0.79813265800476074219 0.73220008611679077148 0.68991643190383911133 0.70443385839462280273 0.75085872411727905273 0.7991974949836730957 0.82056868076324462891 0.82829439640045166016 0.83781999349594116211 0.85750365257263183594 0.86884444952011108398 0.87155622243881225586 0.85580974817276000977 0.84546077251434326172 0.85860544443130493164 0.84877496957778930664 0.8361924290657043457 0.84398990869522094727 0.87378787994384765625 0.9048627018928527832 0.91213309764862060547 0.90374267101287841797 0.91223090887069702148 0.90012347698211669922 0.90594923496246337891 0.92350482940673828125 0.92334610223770141602 0.93505555391311645508 0.92845320701599121094 0.9093144536018371582 0.87836796045303344727 0.82770216464996337891 0.80627715587615966797
0.81302088499069213867 0.85882812738418579102 0.88549834489822387695 0.85627657175064086914 0.8014786839485168457 0.75500404834747314453 0.74111688137054443359 0.75974154472351074219 0.80435401201248168945 0.80619966983795166016 0.79910987615585327148 0.79518389701843261719 0.80033946037292480469 0.79305613040924072266 0.77705585956573486328 0.77691090106964111328 0.77574938535690307617 0.79987233877182006836 0.84565377235412597656 0.85101121664047241211 0.85877782106399536133 0.87896710634231567383 0.89704883098602294922 0.90053099393844604492 0.91035455465316772461 0.90546941757202148438 0.89726728200912475586 0.89048677682876586914 0.90906655788421630859 0.91537040472030639648 0.93264353275299072266 0.91916441917419433594 0.90356332063674926758 0.87538772821426391602 0.83311098814010620117 0.79881781339645385742
0.72407484054565429688 0.74745821952819824219 0.81347316503524780273 0.85540008544921875 0.8783245086669921875 0.82598489522933959961 0.81094199419021606445 0.80656820535659790039 0.84272098541259765625 0.80837041139602661133 0.81312978267669677734 0.83363878726959228516 0.85807967185974121094 0.8577404022216796875 0.84325826168060302734 0.82174009084701538086 0.81377416849136352539 0.83551776409149169922 0.84764075279235839844 0.87022453546524047852 0.88164740800857543945 0.88297545909881591797 0.88075196743011474609 0.88938695192337036133 0.90810799598693847656 0.91735351085662841797 0.89938426017761230469 0.88292855024337768555 0.91355156898498535156 0.91826105117797851563 0.92991340160369873047 0.92048728466033935547 0.90004491806030273438 0.87910008430480957031 0.84465551376342773438 0.79969441890716552734
