model/gis/productivity/productivity_1500BC.asc
ncols        112
nrows        95
xllcorner    23.558333239100
yllcorner    37.983333181400
cellsize     0.008333333300
NODATA_value  -9999
[rows 64 to 79 of 95, columns 72 to 107 of 112]
0.86659455299377441406 0.84522998332977294922 0.82258594036102294922 0.8286228179931640625 0.86295950412750244141 0.90194016695022583008 0.90210336446762084961 0.87881195545196533203 0.87272214889526367188 0.88666939735412597656 0.88835132122039794922 -3.4028234663852885981e+38 -3.4028234663852885981e+38 -3.4028234663852885981e+38 -3.4028234663852885981e+38 -3.4028234663852885981e+38 -3.4028234663852885981e+38 -3.4028234663852885981e+38 -3.4028234663852885981e+38 -3.4028234663852885981e+38 -3.4028234663852885981e+38 -3.4028234663852885981e+38 -3.4028234663852885981e+38 -3.4028234663852885981e+38 -3.4028234663852885981e+38 -3.4028234663852885981e+38 -3.4028234663852885981e+38 -3.4028234663852885981e+38 -3.4028234663852885981e+38 -3.4028234663852885981e+38 -3.4028234663852885981e+38 -3.4028234663852885981e+38 -3.4028234663852885981e+38 -3.4028234663852885981e+38 -3.4028234663852885981e+38 -3.4028234663852885981e+38
0.83018189668655395508 0.84035837650299072266 0.86009979248046875 0.86747509241104125977 0.87118059396743774414 0.88667809963226318359 0.90388387441635131836 0.90073549747467041016 0.86088252067565917969 0.83322495222091674805 0.82413822412490844727 -3.4028234663852885981e+38 -3.4028234663852885981e+38 -3.4028234663852885981e+38 -3.4028234663852885981e+38 -3.4028234663852885981e+38 -3.4028234663852885981e+38 -3.4028234663852885981e+38 -3.4028234663852885981e+38 -3.4028234663852885981e+38 -3.4028234663852885981e+38 -3.4028234663852885981e+38 -3.4028234663852885981e+38 -3.4028234663852885981e+38 -3.4028234663852885981e+38 -3.4028234663852885981e+38 -3.4028234663852885981e+38 -3.4028234663852885981e+38 -3.4028234663852885981e+38 -3.4028234663852885981e+38 -3.4028234663852885981e+38 -3.4028234663852885981e+38 -3.4028234663852885981e+38 -3.4028234663852885981e+38 -3.4028234663852885981e+38 -3.4028234663852885981e+38
0.88711476325988769531 0.86608326435089111328 0.87795472145080566406 0.89224481582641601563 0.89702427387237548828 0.89578598737716674805 0.88302320241928100586 0.8890857696533203125 0.90034258365631103516 0.87035882472991943359 0.80856442451477050781 0.82030725479125976563 -3.4028234663852885981e+38 -3.4028234663852885981e+38 -3.4028234663852885981e+38 -3.4028234663852885981e+38 -3.4028234663852885981e+38 -3.4028234663852885981e+38 -3.4028234663852885981e+38 -3.4028234663852885981e+38 -3.4028234663852885981e+38 -3.4028234663852885981e+38 -3.4028234663852885981e+38 -3.4028234663852885981e+38 -3.4028234663852885981e+38 -3.4028234663852885981e+38 -3.4028234663852885981e+38 -3.4028234663852885981e+38 -3.4028234663852885981e+38 -3.4028234663852885981e+38 -3.4028234663852885981e+38 -3.4028234663852885981e+38 -3.4028234663852885981e+38 -3.4028234663852885981e+38 -3.4028234663852885981e+38 -3.4028234663852885981e+38
0.91775220632553100586 -3.4028234663852885981e+38 0.91855293512344360352 0.92033010721206665039 0.91902863979339599609 0.89875006675720214844 0.88252991437911987305 0.88563597202301025391 0.88570302724838256836 0.88743340969085693359 0.8477395176887512207 0.7992153167724609375 -3.4028234663852885981e+38 -3.4028234663852885981e+38 -3.4028234663852885981e+38 -3.4028234663852885981e+38 -3.4028234663852885981e+38 -3.4028234663852885981e+38 -3.4028234663852885981e+38 -3.4028234663852885981e+38 -3.4028234663852885981e+38 -3.4028234663852885981e+38 -3.4028234663852885981e+38 -3.4028234663852885981e+38 -3.4028234663852885981e+38 -3.4028234663852885981e+38 -3.4028234663852885981e+38 -3.4028234663852885981e+38 -3.4028234663852885981e+38 -3.4028234663852885981e+38 -3.4028234663852885981e+38 -3.4028234663852885981e+38 -3.4028234663852885981e+38 -3.4028234663852885981e+38 -3.4028234663852885981e+38 -3.4028234663852885981e+38
0.92173755168914794922 -3.4028234663852885981e+38 0.92156100273132324219 0.94000917673110961914 0.92111831903457641602 0.90399330854415893555 0.87902724742889404297 0.87359863519668579102 0.88014626502990722656 0.89481252431869506836 0.88286364078521728516 0.83874875307083129883 0.84432375431060791016 -3.4028234663852885981e+38 -3.4028234663852885981e+38 -3.4028234663852885981e+38 -3.4028234663852885981e+38 -3.4028234663852885981e+38 -3.4028234663852885981e+38 -3.4028234663852885981e+38 -3.4028234663852885981e+38 -3.4028234663852885981e+38 -3.4028234663852885981e+38 -3.4028234663852885981e+38 -3.4028234663852885981e+38 -3.4028234663852885981e+38 -3.4028234663852885981e+38 -3.4028234663852885981e+38 -3.4028234663852885981e+38 -3.4028234663852885981e+38 -3.4028234663852885981e+38 -3.4028234663852885981e+38 -3.4028234663852885981e+38 -3.4028234663852885981e+38 -3.4028234663852885981e+38 -3.4028234663852885981e+38
0.92712122201919555664 0.92073476314544677734 0.92948836088180541992 0.93797487020492553711 0.92534911632537841797 0.91442400217056274414 0.88667184114456176758 0.86591887474060058594 0.86803007125854492188 0.87060338258743286133 0.87525951862335205078 0.86108869314193725586 0.8876330256462097168 0.8404986262321472168 0.8106924891471862793 -3.4028234663852885981e+38 -3.4028234663852885981e+38 -3.4028234663852885981e+38 -3.4028234663852885981e+38 -3.4028234663852885981e+38 -3.4028234663852885981e+38 -3.4028234663852885981e+38 -3.4028234663852885981e+38 -3.4028234663852885981e+38 -3.4028234663852885981e+38 -3.4028234663852885981e+38 -3.4028234663852885981e+38 -3.4028234663852885981e+38 -3.4028234663852885981e+38 -3.4028234663852885981e+38 -3.4028234663852885981e+38 -3.4028234663852885981e+38 -3.4028234663852885981e+38 -3.4028234663852885981e+38 -3.4028234663852885981e+38 -3.4028234663852885981e+38
0.92409318685531616211 0.9280986785888671875 0.93370026350021362305 0.9348074793815612793 0.93014532327651977539 0.92357105016708374023 0.89844632148742675781 0.87668251991271972656 0.8573525547981262207 0.85209703445434570313 0.87732911109924316406 0.90129488706588745117 0.87099766731262207031 0.8244908452033996582 0.80473846197128295898 0.78906619548797607422 0.80247145891189575195 -3.4028234663852885981e+38 -3.4028234663852885981e+38 -3.4028234663852885981e+38 -3.4028234663852885981e+38 -3.4028234663852885981e+38 -3.4028234663852885981e+38 -3.4028234663852885981e+38 -3.4028234663852885981e+38 -3.4028234663852885981e+38 -3.4028234663852885981e+38 -3.4028234663852885981e+38 -3.4028234663852885981e+38 -3.4028234663852885981e+38 -3.4028234663852885981e+38 -3.4028234663852885981e+38 -3.4028234663852885981e+38 -3.4028234663852885981e+38 -3.4028234663852885981e+38 -3.4028234663852885981e+38
0.92420887947082519531 0.91012620925903320313 0.929706573486328125 0.92197304964065551758 0.92723768949508666992 0.9367262721061706543 0.9307613372802734375 0.92527824640274047852 0.9154650568962097168 0.88518548011779785156 0.86463940143585205078 0.86135536432266235352 0.82967561483383178711 0.77746397256851196289 0.77148729562759399414 0.779682159423828125 0.78635549545288085938 0.80854642391204833984 0.84700590372085571289 0.82918989658355712891 0.84549862146377563477 0.90574532747268676758 -3.4028234663852885981e+38 -3.4028234663852885981e+38 -3.4028234663852885981e+38 -3.4028234663852885981e+38 -3.4028234663852885981e+38 -3.4028234663852885981e+38 -3.4028234663852885981e+38 -3.4028234663852885981e+38 -3.4028234663852885981e+38 -3.4028234663852885981e+38 -3.4028234663852885981e+38 -3.4028234663852885981e+38 -3.4028234663852885981e+38 -3.4028234663852885981e+38
0.90738433599472045898 0.91234928369522094727 0.92132997512817382813 -3.4028234663852885981e+38 0.92095571756362915039 0.9327386021614074707 0.90426558256149291992 0.92481189966201782227 0.92164248228073120117 0.8815460205078125 0.83161920309066772461 0.83062887191772460938 0.79681801795959472656 0.76877802610397338867 0.83924597501754760742 0.82227760553359985352 0.79752492904663085938 0.80238854885101318359 0.84178316593170166016 0.88496065139770507813 0.82042765617370605469 0.82328194379806518555 0.87558662891387939453 -3.4028234663852885981e+38 -3.4028234663852885981e+38 -3.4028234663852885981e+38 -3.4028234663852885981e+38 -3.4028234663852885981e+38 -3.4028234663852885981e+38 -3.4028234663852885981e+38 -3.4028234663852885981e+38 -3.4028234663852885981e+38 -3.4028234663852885981e+38 -3.4028234663852885981e+38 -3.4028234663852885981e+38 -3.4028234663852885981e+38
-3.4028234663852885981e+38 0.92614394426345825195 -3.4028234663852885981e+38 0.92610669136047363281 0.91977000236511230469 0.87375926971435546875 0.84808772802352905273 0.8636290431022644043 0.90297162532806396484 0.89422309398651123047 0.80641323328018188477 0.7943439483642578125 0.81069874763488769531 0.84124124050140380859 0.78370720148086547852 0.7722886204719543457 0.78166204690933227539 0.86909317970275878906 0.8167819976806640625 0.71481460332870483398 0.70672297477722167969 0.73991322517395019531 0.79808723926544189453 0.77538084983825683594 0.74551165103912353516 0.77737009525299072266 0.82879364490509033203 0.86182487010955810547 0.84293538331985473633 -3.4028234663852885981e+38 -3.4028234663852885981e+38 -3.4028234663852885981e+38 -3.4028234663852885981e+38 -3.4028234663852885981e+38 -3.4028234663852885981e+38 -3.4028234663852885981e+38
-3.4028234663852885981e+38 -3.4028234663852885981e+38 -3.4028234663852885981e+38 0.86621266603469848633 0.83236306905746459961 0.81503796577453613281 0.8094310760498046875 0.8057282567024230957 0.81744658946990966797 0.87846606969833374023 0.82182556390762329102 0.75648933649063110352 0.82960724830627441406 0.84315413236618041992 0.82336342334747314453 0.82573294639587402344 0.83961182832717895508 0.86348992586135864258 0.73929250240325927734 0.76488655805587768555 0.76980346441268920898 0.77765697240829467773 0.82332807779312133789 0.75733649730682373047 0.79242455959320068359 0.83193808794021606445 0.86676895618438720703 0.83461177349090576172 0.75936734676361083984 0.74086147546768188477 0.72361826896667480469 0.71947115659713745117 0.75275361537933349609 0.79626518487930297852 0.84253031015396118164 -3.4028234663852885981e+38
-3.4028234663852885981e+38 -3.4028234663852885981e+38 -3.4028234663852885981e+38 0.85307598114013671875 0.88446569442749023438 0.86415511369705200195 0.82959800958633422852 0.88893806934356689453 0.85591208934783935547 0.86029374599456787109 0.84296888113021850586 0.74370074272155761719 0.8200728297233581543 0.81373101472854614258 0.81327849626541137695 0.84304481744766235352 0.87725758552551269531 0.83070033788681030273 0.74251055717468261719 0.79027956724166870117 0.80359482765197753906 0.82225799560546875 0.84847646951675415039 0.85416328907012939453 0.80576062202453613281 0.80840319395065307617 0.86535614728927612305 0.73952805995941162109 0.74542570114135742188 0.74225717782974243164 0.71170473098754882813 0.66013681888580322266 0.66149932146072387695 0.72316128015518188477 0.78654235601425170898 0.71962273120880126953
-3.4028234663852885981e+38 -3.4028234663852885981e+38 -3.4028234663852885981e+38 0.85090279579162597656 0.82631194591522216797 0.81892657279968261719 0.79228049516677856445 0.8047199249267578125 0.88249260187149047852 0.85183477401733398438 0.80715316534042358398 0.75741314888000488281 0.83848339319229125977 0.79094702005386352539 0.80209010839462280273 0.85006225109100341797 0.89955747127532958984 0.86921429634094238281 0.80128371715545654297 0.80262267589569091797 0.85153484344482421875 0.87236505746841430664 0.87655156850814819336 0.82083928585052490234 0.81172776222229003906 0.90148550271987915039 0.79531580209732055664 0.73832237720489501953 0.76381802558898925781 0.74808150529861450195 0.74272400140762329102 0.77347558736801147461 0.75053018331527709961 0.78659987449645996094 0.77372920513153076172 0.64614307880401611328
-3.4028234663852885981e+38 -3.4028234663852885981e+38 -3.4028234663852885981e+38 -3.4028234663852885981e+38 0.89707446098327636719 0.91412633657455444336 0.84774100780487060547 0.78456670045852661133 0.79374128580093383789 0.82948225736618041992 0.84701496362686157227 0.80691617727279663086 0.84833419322967529297 0.78559505939483642578 0.85249626636505126953 0.87408500909805297852 0.87684613466262817383 0.84864521026611328125 0.84365022182464599609 0.85967719554901123047 0.85423713922500610352 0.83150231838226318359 0.81216615438461303711 0.83663892745971679688 0.90832811594009399414 0.84106802940368652344 0.81354629993438720703 0.77181661128997802734 0.76581138372421264648 0.82637506723403930664 0.81664103269577026367 0.76986521482467651367 0.73171329498291015625 0.86965328454971313477 0.70486164093017578125 0.67153781652450561523
-3.4028234663852885981e+38 -3.4028234663852885981e+38 -3.4028234663852885981e+38 -3.4028234663852885981e+38 -3.4028234663852885981e+38 0.8927586674690246582 0.79055583477020263672 0.75813657045364379883 0.84102523326873779297 0.8231112360954284668 0.80442953109741210938 0.7699444890022277832 0.84199774265289306641 0.82656306028366088867 0.84501320123672485352 0.85549813508987426758 0.85263282060623168945 0.79945904016494750977 0.82065862417221069336 0.86410832405090332031 0.86800062656402587891 0.85472828149795532227 0.84347081184387207031 0.89544314146041870117 0.83302450180053710938 0.80130684375762939453 0.81693691015243530273 0.81616580486297607422 0.78375697135925292969 0.79012662172317504883 0.74314874410629272461 0.74983608722686767578 0.81505674123764038086 0.84470665454864501953 0.69713103771209716797 0.70644128322601318359
-3.4028234663852885981e+38 -3.4028234663852885981e+38 -3.4028234663852885981e+38 -3.4028234663852885981e+38 -3.4028234663852885981e+38 0.88356065750122070313 0.78686434030532836914 0.79567539691925048828 0.77850002050399780273 0.75116908550262451172 0.7924938201904296875 0.75055158138275146484 0.74765920639038085938 0.81792020797729492188 0.88160312175750732422 0.86983662843704223633 0.80584484338760375977 0.7922534942626953125 0.82924884557723999023 0.8385327458381652832 0.86077666282653808594 0.87929046154022216797 0.86966061592102050781 0.91604965925216674805 0.81107461452484130859 0.79893970489501953125 0.84920525550842285156 0.83968651294708251953 0.83198362588882446289 0.79099476337432861328 0.77283185720443725586 0.83982014656066894531 0.83597105741500854492 0.74750733375549316406 0.68733316659927368164 0.73973822593688964844
