model/gis/productivity/productivity_3000BC.asc
ncols        112
nrows        95
xllcorner    23.559640931500
yllcorner    37.981657135000
cellsize     0.008293991400
NODATA_value  -9999
[rows 0 to 15 of 95, columns 0 to 35 of 112]
-3.4028234663852885981e+38 -3.4028234663852885981e+38 -3.4028234663852885981e+38 -3.4028234663852885981e+38 -3.4028234663852885981e+38 -3.4028234663852885981e+38 -3.4028234663852885981e+38 -3.4028234663852885981e+38 -3.4028234663852885981e+38 -3.4028234663852885981e+38 -3.4028234663852885981e+38 -3.4028234663852885981e+38 -3.4028234663852885981e+38 -3.4028234663852885981e+38 -3.4028234663852885981e+38 -3.4028234663852885981e+38 -3.4028234663852885981e+38 -3.4028234663852885981e+38 -3.4028234663852885981e+38 -3.4028234663852885981e+38 -3.4028234663852885981e+38 -3.4028234663852885981e+38 -3.4028234663852885981e+38 -3.4028234663852885981e+38 -3.4028234663852885981e+38 -3.4028234663852885981e+38 -3.4028234663852885981e+38 -3.4028234663852885981e+38 -3.4028234663852885981e+38 -3.4028234663852885981e+38 -3.4028234663852885981e+38 -3.4028234663852885981e+38 -3.4028234663852885981e+38 -3.4028234663852885981e+38 -3.4028234663852885981e+38 -3.4028234663852885981e+38
-3.4028234663852885981e+38 0.86258202791213989258 0.8535258173942565918 0.7487316131591796875 0.61086452007293701172 0.61635071039199829102 0.5231927037239074707 0.56073200702667236328 0.71298623085021972656 0.82750451564788818359 0.87429440021514892578 -3.4028234663852885981e+38 -3.4028234663852885981e+38 -3.4028234663852885981e+38 -3.4028234663852885981e+38 -3.4028234663852885981e+38 0.67236632108688354492 0.67106384038925170898 0.66467970609664916992 -3.4028234663852885981e+38 -3.4028234663852885981e+38 -3.4028234663852885981e+38 -3.4028234663852885981e+38 -3.4028234663852885981e+38 -3.4028234663852885981e+38 -3.4028234663852885981e+38 -3.4028234663852885981e+38 -3.4028234663852885981e+38 -3.4028234663852885981e+38 -3.4028234663852885981e+38 -3.4028234663852885981e+38 -3.4028234663852885981e+38 -3.4028234663852885981e+38 -3.4028234663852885981e+38 -3.4028234663852885981e+38 -3.4028234663852885981e+38
-3.4028234663852885981e+38 0.80556809902191162109 0.78234660625457763672 0.76217114925384521484 0.67568624019622802734 0.67194092273712158203 0.67655581235885620117 0.5083319544792175293 0.55378168821334838867 0.68361765146255493164 0.79631888866424560547 0.85509699583053588867 0.83960103988647460938 0.80481642484664916992 0.78340893983840942383 0.72222101688385009766 0.67192751169204711914 0.71851122379302978516 0.65123659372329711914 -3.4028234663852885981e+38 -3.4028234663852885981e+38 -3.4028234663852885981e+38 -3.4028234663852885981e+38 -3.4028234663852885981e+38 -3.4028234663852885981e+38 -3.4028234663852885981e+38 -3.4028234663852885981e+38 -3.4028234663852885981e+38 -3.4028234663852885981e+38 -3.4028234663852885981e+38 -3.4028234663852885981e+38 -3.4028234663852885981e+38 -3.4028234663852885981e+38 -3.4028234663852885981e+38 -3.4028234663852885981e+38 -3.4028234663852885981e+38
-3.4028234663852885981e+38 0.89010000228881835938 0.84607470035552978516 0.81911897659301757813 0.75896507501602172852 0.64219897985458374023 0.72908306121826171875 0.67290151119232177734 0.54532754421234130859 0.54224705696105957031 0.63396865129470825195 0.76056951284408569336 0.76907318830490112305 0.74857127666473388672 0.72052711248397827148 0.71467459201812744141 0.67953836917877197266 0.71878778934478759766 0.64813947677612304688 0.60553568601608276367 -3.4028234663852885981e+38 -3.4028234663852885981e+38 -3.4028234663852885981e+38 -3.4028234663852885981e+38 -3.4028234663852885981e+38 -3.4028234663852885981e+38 -3.4028234663852885981e+38 -3.4028234663852885981e+38 -3.4028234663852885981e+38 -3.4028234663852885981e+38 -3.4028234663852885981e+38 -3.4028234663852885981e+38 -3.4028234663852885981e+38 -3.4028234663852885981e+38 -3.4028234663852885981e+38 -3.4028234663852885981e+38
-3.4028234663852885981e+38 0.88189607858657836914 0.86190855503082275391 0.83920776844024658203 0.80293279886245727539 0.68642032146453857422 0.62536287307739257813 0.72527635097503662109 0.76919895410537719727 0.5736840367317199707 0.50426769256591796875 0.6299495697021484375 0.66492599248886108398 0.66556972265243530273 0.63525927066802978516 0.60267537832260131836 0.60286659002304077148 0.66341722011566162109 0.64292091131210327148 0.613971710205078125 0.6855080723762512207 -3.4028234663852885981e+38 -3.4028234663852885981e+38 -3.4028234663852885981e+38 -3.4028234663852885981e+38 -3.4028234663852885981e+38 -3.4028234663852885981e+38 -3.4028234663852885981e+38 -3.4028234663852885981e+38 -3.4028234663852885981e+38 -3.4028234663852885981e+38 -3.4028234663852885981e+38 -3.4028234663852885981e+38 -3.4028234663852885981e+38 -3.4028234663852885981e+38 -3.4028234663852885981e+38
-3.4028234663852885981e+38 0.88989329338073730469 0.88255912065505981445 0.85031026601791381836 0.81435984373092651367 0.75749266147613525391 0.6938495635986328125 0.69985109567642211914 0.69283783435821533203 0.68374288082122802734 0.50554692745208740234 0.53304576873779296875 0.60769402980804443359 0.58905768394470214844 0.562732696533203125 0.55313074588775634766 0.61252450942993164063 0.73782181739807128906 0.62256866693496704102 0.65462732315063476563 0.72330528497695922852 0.77018642425537109375 0.83534210920333862305 -3.4028234663852885981e+38 -3.4028234663852885981e+38 -3.4028234663852885981e+38 -3.4028234663852885981e+38 -3.4028234663852885981e+38 -3.4028234663852885981e+38 -3.4028234663852885981e+38 -3.4028234663852885981e+38 -3.4028234663852885981e+38 -3.4028234663852885981e+38 -3.4028234663852885981e+38 -3.4028234663852885981e+38 -3.4028234663852885981e+38
-3.4028234663852885981e+38 0.88881164789199829102 0.86651808023452758789 0.84457451105117797852 0.83158284425735473633 0.79285806417465209961 0.74208074808120727539 0.69580692052841186523 0.65900397300720214844 0.67343568801879882813 0.68466001749038696289 0.55594545602798461914 0.64802384376525878906 0.70319926738739013672 0.7477925419807434082 0.77094376087188720703 0.75120145082473754883 0.67339366674423217773 0.61306244134902954102 0.69996076822280883789 0.76466059684753417969 0.80959922075271606445 0.83096909523010253906 0.8669617772102355957 -3.4028234663852885981e+38 -3.4028234663852885981e+38 -3.4028234663852885981e+38 -3.4028234663852885981e+38 -3.4028234663852885981e+38 -3.4028234663852885981e+38 -3.4028234663852885981e+38 -3.4028234663852885981e+38 -3.4028234663852885981e+38 -3.4028234663852885981e+38 -3.4028234663852885981e+38 -3.4028234663852885981e+38
-3.4028234663852885981e+38 0.85502010583877563477 0.82154524326324462891 0.81782937049865722656 0.79141175746917724609 0.75744545459747314453 0.74240458011627197266 0.72576844692230224609 0.71184301376342773438 0.66838514804840087891 0.69419646263122558594 0.71453940868377685547 0.68944269418716430664 0.75805002450942993164 0.65702611207962036133 0.59831184148788452148 0.61236023902893066406 0.65715557336807250977 0.65613579750061035156 0.68595784902572631836 0.8107916712760925293 0.84438425302505493164 0.7244040369987487793 0.71689307689666748047 0.80628734827041625977 0.87047982215881347656 -3.4028234663852885981e+38 -3.4028234663852885981e+38 -3.4028234663852885981e+38 -3.4028234663852885981e+38 -3.4028234663852885981e+38 -3.4028234663852885981e+38 -3.4028234663852885981e+38 -3.4028234663852885981e+38 -3.4028234663852885981e+38 -3.4028234663852885981e+38
-3.4028234663852885981e+38 0.84952878952026367188 0.83830100297927856445 0.85520631074905395508 0.82117873430252075195 0.79746729135513305664 0.7821140289306640625 0.76773512363433837891 0.74662476778030395508 0.69400489330291748047 0.6428349614143371582 0.70344388484954833984 0.71920382976531982422 0.67143321037292480469 0.70061945915222167969 0.73024082183837890625 0.68213731050491333008 0.64532011747360229492 0.65340822935104370117 0.74273610115051269531 0.81691706180572509766 0.6238994598388671875 0.62153780460357666016 0.63640767335891723633 0.70604556798934936523 0.76211059093475341797 0.74305474758148193359 0.74591237306594848633 0.78457611799240112305 -3.4028234663852885981e+38 -3.4028234663852885981e+38 -3.4028234663852885981e+38 -3.4028234663852885981e+38 -3.4028234663852885981e+38 -3.4028234663852885981e+38 -3.4028234663852885981e+38
-3.4028234663852885981e+38 0.86542582511901855469 0.8484439849853515625 0.83875584602355957031 0.81741636991500854492 0.82226431369781494141 0.80465644598007202148 0.77664917707443237305 0.76491338014602661133 0.72368818521499633789 0.65751183032989501953 0.63410484790802001953 0.72222334146499633789 0.70211029052734375 0.63242459297180175781 0.72608602046966552734 0.81966304779052734375 0.80796694755554199219 0.85921818017959594727 0.7563984990119934082 0.60203093290328979492 0.57803994417190551758 0.6674912571907043457 0.64762270450592041016 0.69718265533447265625 0.73949444293975830078 0.81761789321899414063 0.82555425167083740234 0.81720793247222900391 0.80827564001083374023 0.78055322170257568359 0.77143687009811401367 -3.4028234663852885981e+38 -3.4028234663852885981e+38 -3.4028234663852885981e+38 -3.4028234663852885981e+38
-3.4028234663852885981e+38 0.88013976812362670898 0.83857935667037963867 0.82396346330642700195 0.83338314294815063477 0.84839987754821777344 0.83356606960296630859 0.80235552787780761719 0.79053926467895507813 0.79083383083343505859 0.76801866292953491211 0.72023808956146240234 0.68878954648971557617 0.74167788028717041016 0.69764840602874755859 0.66399556398391723633 0.68282878398895263672 0.68458467721939086914 0.63765037059783935547 0.52777069807052612305 0.51199811697006225586 0.61108833551406860352 0.63244450092315673828 0.6336994171142578125 0.6205234527587890625 0.64833879470825195313 0.76740276813507080078 0.82940298318862915039 0.82376903295516967773 0.81952255964279174805 0.81085848808288574219 0.75656819343566894531 0.71325087547302246094 0.74449068307876586914 -3.4028234663852885981e+38 -3.4028234663852885981e+38
-3.4028234663852885981e+38 0.7943604588508605957 0.85220104455947875977 0.82681763172149658203 0.84195363521575927734 0.84559762477874755859 0.85413908958435058594 0.84372532367706298828 0.81948143243789672852 0.79278361797332763672 0.76974928379058837891 0.80921000242233276367 0.7991123199462890625 0.77388823032379150391 0.78784346580505371094 0.67523849010467529297 0.61169809103012084961 0.60149329900741577148 0.61866050958633422852 0.62430900335311889648 0.68862938880920410156 0.73315960168838500977 0.65186238288879394531 0.66161310672760009766 0.63125473260879516602 0.57092738151550292969 0.6162166595458984375 0.72894364595413208008 0.7712154388427734375 0.7741667628288269043 0.78374844789505004883 0.78970736265182495117 0.76396292448043823242 0.73650515079498291016 0.73167973756790161133 0.74206042289733886719
-3.4028234663852885981e+38 0.7611491084098815918 0.80817383527755737305 0.85045260190963745117 0.8610591888427734375 0.84217047691345214844 0.85025459527969360352 0.85647439956665039063 0.81845307350158691406 0.77657514810562133789 0.75211107730865478516 0.81173092126846313477 0.83847659826278686523 0.78276681900024414063 0.75421380996704101563 0.77616107463836669922 0.80218285322189331055 0.76992917060852050781 0.79934698343276977539 0.74920827150344848633 0.68556225299835205078 0.67624831199645996094 0.694080352783203125 0.73775017261505126953 0.78243070840835571289 0.73168087005615234375 0.62375181913375854492 0.61746060848236083984 0.68139195442199707031 0.73986071348190307617 0.75577867031097412109 0.76727050542831420898 0.75352907180786132813 0.69869285821914672852 0.68122440576553344727 0.70304346084594726563
-3.4028234663852885981e+38 0.828456878662109375 0.83788901567459106445 0.84631329774856567383 0.85360378026962280273 0.81018620729446411133 0.8025506138801574707 0.80506020784378051758 0.79331880807876586914 0.76680004596710205078 0.74356883764266967773 0.73985385894775390625 0.74612432718276977539 0.73867690563201904297 0.69740349054336547852 0.6561114192008972168 0.64602488279342651367 0.66553354263305664063 0.69279193878173828125 0.69409769773483276367 0.6642742156982421875 0.62585347890853881836 0.61286944150924682617 0.64027655124664306641 0.642551422119140625 0.65927886962890625 0.76734727621078491211 0.75032949447631835938 0.65566915273666381836 0.63664537668228149414 0.63830667734146118164 0.64951926469802856445 0.68243432044982910156 0.68916428089141845703 0.67071115970611572266 0.68106192350387573242
-3.4028234663852885981e+38 0.77766549587249755859 0.78579056262969970703 0.80378478765487670898 0.81132811307907104492 0.79899740219116210938 0.78757178783416748047 0.80118680000305175781 0.78838145732879638672 0.74786043167114257813 0.6988093256950378418 0.67527753114700317383 0.69278353452682495117 0.71724921464920043945 0.71412378549575805664 0.68959778547286987305 0.66789740324020385742 0.67651844024658203125 0.7051308751106262207 0.72077918052673339844 0.72681671380996704102 0.72273349761962890625 0.71491456031799316406 0.73273009061813354492 0.72493708133697509766 0.67757707834243774414 0.62841552495956420898 0.65789264440536499023 0.77274793386459350586 0.75565183162689208984 0.69314539432525634766 0.62777078151702880859 0.57718366384506225586 0.57366365194320678711 0.57619374990463256836 0.63236880302429199219
-3.4028234663852885981e+38 0.79923176765441894531 0.78205269575119018555 0.76997047662734985352 0.7894007563591003418 0.81740742921829223633 0.80760073661804199219 0.81158947944641113281 0.80609756708145141602 0.77893114089965820313 0.73485332727432250977 0.71222388744354248047 0.70324498414993286133 0.71072876453399658203 0.71551191806793212891 0.72353965044021606445 0.75610214471817016602 0.7659276127815246582 0.78060537576675415039 0.75677525997161865234 0.74690347909927368164 0.76397454738616943359 0.78494447469711303711 0.77905201911926269531 0.76048147678375244141 0.76540833711624145508 0.71798187494277954102 0.65478301048278808594 0.64093047380447387695 0.67774689197540283203 0.71420961618423461914 0.67917197942733764648 0.54520696401596069336 0.43894454836845397949 0.45651549100875854492 0.56352150440216064453
