model/gis/productivity/productivity_500BC.asc
ncols        112
nrows        95
xllcorner    23.558333239100
yllcorner    37.983333181400
cellsize     0.008333333300
NODATA_value  -9999
[rows 16 to 31 of 95, columns 0 to 35 of 112]
0.7990671992301940918 0.80704677104949951172 0.79169076681137084961 0.78056287765502929688 0.79912340641021728516 0.82540011405944824219 0.81572395563125610352 0.81894987821578979492 0.81353819370269775391 0.78834235668182373047 0.74820756912231445313 0.72803723812103271484 0.71921217441558837891 0.72604387998580932617 0.73060071468353271484 0.73743158578872680664 0.76718693971633911133 0.77479344606399536133 0.78770458698272705078 0.76744472980499267578 0.75858283042907714844 0.7745800018310546875 0.79416179656982421875 0.7884013056755065918 0.77218085527420043945 0.77713906764984130859 0.73104774951934814453 0.67170166969299316406 0.65756946802139282227 0.69041836261749267578 0.72264194488525390625 0.68800449371337890625 0.56808191537857055664 0.47957453131675720215 0.49775049090385437012 0.59352135658264160156
0.80404436588287353516 0.82438129186630249023 0.84649062156677246094 0.83218848705291748047 0.83077669143676757813 0.85931313037872314453 0.84767591953277587891 0.83965337276458740234 0.84281748533248901367 0.84281617403030395508 0.82047390937805175781 0.81801176071166992188 0.7864519953727722168 0.79146116971969604492 0.80296891927719116211 0.8075968623161315918 0.81526798009872436523 0.80324876308441162109 0.8100445866584777832 0.77524340152740478516 0.77721238136291503906 0.78204703330993652344 0.8015791773796081543 0.80958193540573120117 0.80942243337631225586 0.83436930179595947266 0.80268943309783935547 0.74093657732009887695 0.7204520106315612793 0.70966172218322753906 0.66736680269241333008 0.59177720546722412109 0.56621706485748291016 0.65680843591690063477 0.5633487701416015625 0.54076242446899414063
0.80784690380096435547 0.83872473239898681641 0.85607689619064331055 0.87827026844024658203 0.89084345102310180664 0.89198976755142211914 0.87558698654174804688 0.86531352996826171875 0.85827994346618652344 0.86191165447235107422 0.84572869539260864258 0.89492124319076538086 0.86882936954498291016 0.8772761225700378418 0.88462620973587036133 0.86298322677612304688 0.81126189231872558594 0.81057721376419067383 0.80968767404556274414 0.80244415998458862305 0.8230425715446472168 0.84958499670028686523 0.84238493442535400391 0.86965095996856689453 0.86452817916870117188 0.87462747097015380859 0.84610402584075927734 0.78153771162033081055 0.76699823141098022461 0.75829529762268066406 0.69235807657241821289 0.60275179147720336914 0.50667780637741088867 0.53352469205856323242 0.56033384799957275391 0.63794940710067749023
0.84136039018630981445 0.85587537288665771484 0.85217303037643432617 0.88445621728897094727 0.9268715977668762207 0.90453749895095825195 0.89821678400039672852 0.87670409679412841797 0.8596089482307434082 0.85000079870223999023 0.85593944787979125977 0.90561211109161376953 0.89116674661636352539 0.88450145721435546875 0.87042987346649169922 0.84654778242111206055 0.79973596334457397461 0.78676253557205200195 0.79748141765594482422 0.82577365636825561523 0.86478453874588012695 0.90045857429504394531 0.87934458255767822266 0.86393469572067260742 0.86429917812347412109 0.89400690793991088867 0.87690818309783935547 0.82739657163619995117 0.79605156183242797852 0.77265876531600952148 0.72577637434005737305 0.66027474403381347656 0.56385087966918945313 0.53788387775421142578 0.58445620536804199219 0.69857895374298095703
0.83230423927307128906 0.83761548995971679688 0.85010445117950439453 0.90479570627212524414 0.90600389242172241211 0.90891289710998535156 0.88770431280136108398 0.87009924650192260742 0.85873371362686157227 0.85438954830169677734 0.8679097294807434082 0.88059967756271362305 0.87922966480255126953 0.88405638933181762695 0.87352037429809570313 0.86251395940780639648 0.83928656578063964844 0.82609075307846069336 0.82644438743591308594 0.84371513128280639648 0.87342697381973266602 0.88566100597381591797 0.87571722269058227539 0.8616879582405090332 0.88302600383758544922 0.90193676948547363281 0.89237231016159057617 0.86719661951065063477 0.82631880044937133789 0.79441380500793457031 0.77037888765335083008 0.73867559432983398438 0.69323819875717163086 0.69201499223709106445 0.69504582881927490234 0.68278598785400390625
0.8351147770881652832 0.84631687402725219727 0.87603574991226196289 0.89517986774444580078 0.88934814929962158203 0.8750279545783996582 0.87384629249572753906 0.87773185968399047852 0.87357413768768310547 0.88062018156051635742 0.89021515846252441406 0.88454115390777587891 0.87232768535614013672 0.87061506509780883789 0.8707599639892578125 0.8860657811164855957 0.87598752975463867188 0.87996250391006469727 0.87983280420303344727 0.87692850828170776367 0.8667761683464050293 0.87131851911544799805 0.87779057025909423828 0.91476935148239135742 0.90899550914764404297 0.90031754970550537109 0.89871227741241455078 0.8868687748908996582 0.85771507024765014648 0.8176167607307434082 0.79115211963653564453 0.76857006549835205078 0.75478231906890869141 0.75002050399780273438 0.71524757146835327148 0.69477051496505737305
0.90931940078735351563 0.90648317337036132813 0.90910607576370239258 0.89559733867645263672 0.88656014204025268555 0.88325655460357666016 0.88854700326919555664 0.89562451839447021484 0.90118181705474853516 0.91855001449584960938 0.9188511967658996582 0.91051709651947021484 0.89568436145782470703 0.88574159145355224609 0.88337433338165283203 0.88917499780654907227 0.87745499610900878906 0.88226628303527832031 0.89806073904037475586 0.90404570102691650391 0.89618575572967529297 0.89956754446029663086 0.90685617923736572266 0.91455918550491333008 0.89397376775741577148 0.89280658960342407227 0.90275758504867553711 0.89124143123626708984 0.86889553070068359375 0.8353137969970703125 0.79021096229553222656 0.75311499834060668945 0.75933969020843505859 0.77079665660858154297 0.80188131332397460938 0.74508023262023925781
0.94432151317596435547 0.94499009847640991211 0.9327080845832824707 0.91782027482986450195 0.90463733673095703125 0.90392857789993286133 0.91015654802322387695 0.91845953464508056641 0.9254589080810546875 0.9385096430778503418 0.94014173746109008789 0.94004291296005249023 0.93531197309494018555 0.93075919151306152344 0.92952293157577514648 0.92265111207962036133 0.9022070765495300293 0.90234190225601196289 0.91606956720352172852 0.92210972309112548828 0.9173577427864074707 0.92004144191741943359 0.92840111255645751953 0.8999779820442199707 0.8893642425537109375 0.90162432193756103516 0.90596830844879150391 0.89952635765075683594 0.88866162300109863281 0.86892801523208618164 0.8234036564826965332 0.78008431196212768555 0.7867596745491027832 0.80226725339889526367 0.75552582740783691406 0.75926256179809570313
-3.4028234663852885981e+38 -3.4028234663852885981e+38 -3.4028234663852885981e+38 -3.4028234663852885981e+38 0.93395859003067016602 0.93688905239105224609 0.93994289636611938477 0.94597041606903076172 0.94546735286712646484 0.94563728570938110352 0.93471711874008178711 0.92454063892364501953 0.92102110385894775391 0.91322040557861328125 0.90706998109817504883 0.90878021717071533203 0.91585689783096313477 0.92737078666687011719 0.92270809412002563477 0.919734954833984375 0.92329114675521850586 0.92505574226379394531 0.90547025203704833984 0.90393608808517456055 0.91005057096481323242 0.90223258733749389648 0.91020786762237548828 0.90057235956192016602 0.89741730690002441406 0.8891970515251159668 0.88581568002700805664 0.86714792251586914063 0.83565920591354370117 0.77590852975845336914 0.72612565755844116211 0.74118697643280029297
-3.4028234663852885981e+38 -3.4028234663852885981e+38 -3.4028234663852885981e+38 -3.4028234663852885981e+38 -3.4028234663852885981e+38 0.94106841087341308594 0.94797366857528686523 0.94967758655548095703 0.94901204109191894531 0.94795680046081542969 0.92989534139633178711 0.90752708911895751953 0.90490633249282836914 0.89524096250534057617 0.89955174922943115234 0.90508675575256347656 0.90784043073654174805 0.90887635946273803711 0.91244834661483764648 0.92456060647964477539 0.91490018367767333984 0.906833648681640625 0.90830159187316894531 0.91279709339141845703 0.90485298633575439453 0.90421497821807861328 0.90611177682876586914 0.90694659948348999023 0.91852182149887084961 0.89975202083587646484 0.89286822080612182617 0.89008337259292602539 0.8894488215446472168 0.86485028266906738281 0.79286110401153564453 0.7496598362922668457
-3.4028234663852885981e+38 -3.4028234663852885981e+38 -3.4028234663852885981e+38 -3.4028234663852885981e+38 -3.4028234663852885981e+38 -3.4028234663852885981e+38 0.9463748931884765625 0.95180583000183105469 0.94683867692947387695 0.93984323740005493164 0.92904055118560791016 0.90519189834594726563 0.8924395442008972168 0.88171780109405517578 0.88552772998809814453 0.88189804553985595703 0.88976788520812988281 0.90173089504241943359 0.90411239862442016602 0.92000031471252441406 0.9169190526008605957 0.91472089290618896484 0.91664296388626098633 0.90724468231201171875 0.90743213891983032227 0.8984877467155456543 0.89861899614334106445 0.91620433330535888672 0.91800457239151000977 0.91510593891143798828 0.91486525535583496094 0.90649104118347167969 0.89259892702102661133 0.88822650909423828125 0.86763817071914672852 0.83831745386123657227
-3.4028234663852885981e+38 -3.4028234663852885981e+38 -3.4028234663852885981e+38 -3.4028234663852885981e+38 -3.4028234663852885981e+38 -3.4028234663852885981e+38 -3.4028234663852885981e+38 0.9480921626091003418 0.93508446216583251953 0.9313653111457824707 0.92964613437652587891 0.90999168157577514648 0.88175052404403686523 0.86367058753967285156 0.87722897529602050781 0.88489794731140136719 0.8811118006706237793 0.90173852443695068359 0.90040624141693115234 0.90953779220581054688 0.90544307231903076172 0.89861714839935302734 0.90347439050674438477 0.91078525781631469727 0.91207706928253173828 0.89430344104766845703 0.91535848379135131836 0.91021889448165893555 0.9152069091796875 0.91306960582733154297 0.89877158403396606445 0.89412027597427368164 0.88781911134719848633 0.89723318815231323242 0.88578689098358154297 0.83633184432983398438
-3.4028234663852885981e+38 -3.4028234663852885981e+38 -3.4028234663852885981e+38 -3.4028234663852885981e+38 -3.4028234663852885981e+38 -3.4028234663852885981e+38 -3.4028234663852885981e+38 0.94587630033493041992 0.93527895212173461914 0.93389666080474853516 0.9332675933837890625 0.90872716903686523438 0.88141542673110961914 0.86965829133987426758 0.86914771795272827148 0.88078004121780395508 0.86908203363418579102 0.8782482147216796875 0.89474916458129882813 0.90970909595489501953 0.91242545843124389648 0.9031785130500793457 0.90503233671188354492 0.91502285003662109375 0.89994394779205322266 0.90033692121505737305 0.90174603462219238281 0.90229004621505737305 0.90046393871307373047 0.90153563022613525391 0.90468895435333251953 0.90534180402755737305 0.89042460918426513672 0.89275783300399780273 0.87392824888229370117 0.81553751230239868164
-3.4028234663852885981e+38 -3.4028234663852885981e+38 -3.4028234663852885981e+38 -3.4028234663852885981e+38 -3.4028234663852885981e+38 -3.4028234663852885981e+38 -3.4028234663852885981e+38 -3.4028234663852885981e+38 0.93372458219528198242 0.9215533137321472168 0.9026355743408203125 0.86285001039505004883 0.83943647146224975586 0.855205535888671875 0.90240478515625 0.87267297506332397461 0.86574029922485351563 0.88398921489715576172 0.91712921857833862305 0.92210191488265991211 0.92380070686340332031 0.91440892219543457031 0.91209042072296142578 0.91667693853378295898 0.9023075103759765625 0.88942545652389526367 0.89414948225021362305 0.90707606077194213867 0.90283215045928955078 0.90232455730438232422 0.90957987308502197266 0.90581989288330078125 0.89138430356979370117 0.89642912149429321289 0.88650357723236083984 0.82384061813354492188
-3.4028234663852885981e+38 -3.4028234663852885981e+38 -3.4028234663852885981e+38 -3.4028234663852885981e+38 -3.4028234663852885981e+38 -3.4028234663852885981e+38 -3.4028234663852885981e+38 -3.4028234663852885981e+38 0.92948311567306518555 0.90830111503601074219 0.86071801185607910156 0.83414220809936523438 0.83860754966735839844 0.85406774282455444336 0.85816174745559692383 0.87362170219421386719 0.89393752813339233398 0.91956615447998046875 0.90780949592590332031 0.89835715293884277344 0.89553278684616088867 0.91122347116470336914 0.90463644266128540039 0.89715421199798583984 0.90843814611434936523 0.92270034551620483398 0.91524106264114379883 0.89339560270309448242 0.8742625117301940918 0.86764848232269287109 0.86684334278106689453 0.85924047231674194336 0.83597385883331298828 0.81816011667251586914 0.80206942558288574219 0.78989648818969726563
-3.4028234663852885981e+38 -3.4028234663852885981e+38 -3.4028234663852885981e+38 -3.4028234663852885981e+38 -3.4028234663852885981e+38 -3.4028234663852885981e+38 -3.4028234663852885981e+38 0.92759603261947631836 0.92596477270126342773 0.90054792165756225586 0.85933411121368408203 0.83862262964248657227 0.84001183509826660156 0.86986339092254638672 0.87054038047790527344 0.85510206222534179688 0.89542865753173828125 0.91291755437850952148 0.89502424001693725586 0.91162228584289550781 0.90209728479385375977 0.89401197433471679688 0.87941449880599975586 0.87472605705261230469 0.87620222568511962891 0.88421648740768432617 0.89998936653137207031 0.88618421554565429688 0.87204700708389282227 0.87650877237319946289 0.87503838539123535156 0.82415640354156494141 0.74831980466842651367 0.71791762113571166992 0.72394251823425292969 0.71932560205459594727
