model/gis/productivity/productivity_500BC.asc
ncols        112
nrows        95
xllcorner    23.558333239100
yllcorner    37.983333181400
cellsize     0.008333333300
NODATA_value  -9999
[rows 32 to 47 of 95, columns 0 to 35 of 112]
-3.4028234663852885981e+38 -3.4028234663852885981e+38 -3.4028234663852885981e+38 -3.4028234663852885981e+38 -3.4028234663852885981e+38 -3.4028234663852885981e+38 -3.4028234663852885981e+38 0.92715501785278320313 0.92047429084777832031 0.90800464153289794922 0.8814303278923034668 0.84115642309188842773 0.82400923967361450195 0.82901072502136230469 0.86118245124816894531 0.84389972686767578125 0.92791998386383056641 0.88244718313217163086 0.88603460788726806641 0.90205723047256469727 0.90948796272277832031 0.89216661453247070313 0.87455964088439941406 0.87026333808898925781 0.87115395069122314453 0.86830389499664306641 0.88309651613235473633 0.8848107457160949707 0.8728802800178527832 0.86511158943176269531 0.86036843061447143555 0.78993523120880126953 0.70984739065170288086 0.71817708015441894531 0.72943645715713500977 0.74987870454788208008
-3.4028234663852885981e+38 -3.4028234663852885981e+38 -3.4028234663852885981e+38 -3.4028234663852885981e+38 -3.4028234663852885981e+38 -3.4028234663852885981e+38 0.92634451389312744141 0.9336954951286315918 0.91762429475784301758 0.90623724460601806641 0.91989886760711669922 0.89221549034118652344 0.85826003551483154297 0.84361797571182250977 0.85577261447906494141 0.85385245084762573242 0.89652967453002929688 0.86146205663681030273 0.89343243837356567383 0.87575238943099975586 0.87873303890228271484 0.87583321332931518555 0.86807036399841308594 0.85760790109634399414 0.8529758453369140625 0.8442967534065246582 0.84798550605773925781 0.84614002704620361328 0.86405712366104125977 0.86172240972518920898 0.8456147313117980957 0.78734821081161499023 0.71119338274002075195 0.7488396763801574707 0.81352597475051879883 0.75343430042266845703
-3.4028234663852885981e+38 -3.4028234663852885981e+38 -3.4028234663852885981e+38 -3.4028234663852885981e+38 -3.4028234663852885981e+38 -3.4028234663852885981e+38 0.93510216474533081055 0.94567275047302246094 0.92982017993927001953 0.91947054862976074219 0.936290740966796875 0.91200184822082519531 0.87239670753479003906 0.85782998800277709961 0.86793178319931030273 0.8659852147102355957 0.89917260408401489258 0.85856050252914428711 0.88155823945999145508 0.86617672443389892578 0.87073296308517456055 0.8666731715202331543 0.85869544744491577148 0.8453947901725769043 0.84017091989517211914 0.83141165971755981445 0.8359972834587097168 0.83438920974731445313 0.8624280095100402832 0.86208343505859375 0.84363126754760742188 0.7836761474609375 0.70868170261383056641 0.7411378026008605957 0.79976320266723632813 0.74290376901626586914
-3.4028234663852885981e+38 -3.4028234663852885981e+38 -3.4028234663852885981e+38 -3.4028234663852885981e+38 -3.4028234663852885981e+38 0.93835490942001342773 0.93653768301010131836 0.94169652462005615234 0.92661243677139282227 0.91599541902542114258 0.93388724327087402344 0.9324347376823425293 0.89632189273834228516 0.87739980220794677734 0.88419753313064575195 0.90602624416351318359 0.8980725407600402832 0.8507283329963684082 0.87230080366134643555 0.87657117843627929688 0.83937990665435791016 0.83327710628509521484 0.8469448089599609375 0.85288697481155395508 0.86098676919937133789 0.84181183576583862305 0.82434773445129394531 0.81234455108642578125 0.83092361688613891602 0.86222034692764282227 0.83359330892562866211 0.79170179367065429688 0.75305128097534179688 0.73772990703582763672 0.7613086700439453125 0.74805611371994018555
-3.4028234663852885981e+38 -3.4028234663852885981e+38 -3.4028234663852885981e+38 0.90481430292129516602 0.92360311746597290039 0.9331595301628112793 0.928867340087890625 0.92682093381881713867 0.93367266654968261719 0.93097549676895141602 0.91845333576202392578 0.93168377876281738281 0.91695451736450195313 0.92139011621475219727 0.92836737632751464844 0.93168991804122924805 0.8857860565185546875 0.85590380430221557617 0.85205513238906860352 0.85405004024505615234 0.83707231283187866211 0.83407729864120483398 0.85158127546310424805 0.8892148137092590332 0.860324859619140625 0.84792238473892211914 0.85816401243209838867 0.86892116069793701172 0.87452435493469238281 0.87067419290542602539 0.82235878705978393555 0.78593403100967407227 0.76111882925033569336 0.72347033023834228516 0.71152400970458984375 0.79063624143600463867
-3.4028234663852885981e+38 -3.4028234663852885981e+38 -3.4028234663852885981e+38 0.91010689735412597656 0.92641699314117431641 0.93370831012725830078 0.91449016332626342773 0.89549207687377929688 0.89193177223205566406 0.90851068496704101563 0.93684124946594238281 0.92457908391952514648 0.91947704553604125977 0.92956155538558959961 0.93000650405883789063 0.91456520557403564453 0.87427890300750732422 0.85254740715026855469 0.84390723705291748047 0.86517030000686645508 0.86558014154434204102 0.89227759838104248047 0.86837190389633178711 0.8608773350715637207 0.88343614339828491211 0.86908388137817382813 0.86424177885055541992 0.86268657445907592773 0.88083285093307495117 0.86081200838088989258 0.84108281135559082031 0.79581052064895629883 0.7541268467903137207 0.69490414857864379883 0.73793780803680419922 0.73289442062377929688
-3.4028234663852885981e+38 -3.4028234663852885981e+38 -3.4028234663852885981e+38 0.90452623367309570313 0.92516875267028808594 0.92994165420532226563 0.91046512126922607422 0.89556646347045898438 0.92347234487533569336 0.90346074104309082031 0.93233138322830200195 0.93088823556900024414 0.92160564661026000977 0.91781091690063476563 0.92393213510513305664 0.91018682718276977539 0.87573385238647460938 0.85151404142379760742 0.83582955598831176758 0.83702701330184936523 0.84059739112854003906 0.84371435642242431641 0.83373796939849853516 0.86652737855911254883 0.89352113008499145508 0.84453588724136352539 0.8288390040397644043 0.81450819969177246094 0.79051667451858520508 0.7913036346435546875 0.82467597723007202148 0.81963479518890380859 0.75145441293716430664 0.70320075750350952148 0.71071183681488037109 0.62737703323364257813
-3.4028234663852885981e+38 -3.4028234663852885981e+38 -3.4028234663852885981e+38 0.87827301025390625 0.90682893991470336914 0.93430078029632568359 0.92342734336853027344 0.89961421489715576172 0.89370566606521606445 0.90916687250137329102 0.93746018409729003906 0.94019204378128051758 0.93965762853622436523 0.93916332721710205078 0.92986768484115600586 0.90895539522171020508 0.89021259546279907227 0.87924253940582275391 0.86008936166763305664 0.84377783536911010742 0.83993935585021972656 0.84629106521606445313 0.85958111286163330078 0.88958185911178588867 0.85820066928863525391 0.84714567661285400391 0.84599453210830688477 0.82063978910446166992 0.79942119121551513672 0.83171707391738891602 0.828357696533203125 0.82294416427612304688 0.73184859752655029297 0.66286790370941162109 0.62203955650329589844 0.59777182340621948242
-3.4028234663852885981e+38 -3.4028234663852885981e+38 -3.4028234663852885981e+38 -3.4028234663852885981e+38 -3.4028234663852885981e+38 -3.4028234663852885981e+38 0.92769193649291992188 0.93849396705627441406 0.92433965206146240234 0.93517965078353881836 0.94297909736633300781 0.94063127040863037109 0.94238203763961791992 0.94325751066207885742 0.926727294921875 0.91062653064727783203 0.89926600456237792969 0.90029108524322509766 0.89940571784973144531 0.88452690839767456055 0.88418585062026977539 0.89148974418640136719 0.90752834081649780273 0.87211269140243530273 0.86238187551498413086 0.85092568397521972656 0.82061100006103515625 0.7773348689079284668 0.74467968940734863281 0.71329206228256225586 0.69852292537689208984 0.71420830488204956055 0.69338780641555786133 0.65223044157028198242 0.63875979185104370117 0.66973167657852172852
-3.4028234663852885981e+38 -3.4028234663852885981e+38 -3.4028234663852885981e+38 -3.4028234663852885981e+38 -3.4028234663852885981e+38 -3.4028234663852885981e+38 -3.4028234663852885981e+38 0.9363524317741394043 0.94353872537612915039 0.9450747370719909668 0.94419807195663452148 0.94522255659103393555 0.94291043281555175781 0.94071269035339355469 0.92669683694839477539 0.91851335763931274414 0.90632766485214233398 0.89392745494842529297 0.88956493139266967773 0.87888330221176147461 0.87978774309158325195 0.88252866268157958984 0.87429153919219970703 0.85449320077896118164 0.84439057111740112305 0.82014125585556030273 0.79487669467926025391 0.7605794072151184082 0.72579479217529296875 0.70841902494430541992 0.73408925533294677734 0.77513664960861206055 0.78992152214050292969 0.77761125564575195313 0.78842258453369140625 0.81634962558746337891
-3.4028234663852885981e+38 -3.4028234663852885981e+38 -3.4028234663852885981e+38 -3.4028234663852885981e+38 -3.4028234663852885981e+38 -3.4028234663852885981e+38 -3.4028234663852885981e+38 -3.4028234663852885981e+38 0.94612020254135131836 0.94685846567153930664 0.9447739720344543457 0.94561284780502319336 0.94183450937271118164 0.93635505437850952148 0.92650818824768066406 0.91724210977554321289 0.90947198867797851563 0.8967024683952331543 0.88227766752243041992 0.86677730083465576172 0.85764521360397338867 0.85394084453582763672 0.84748470783233642578 0.83296483755111694336 0.8254076838493347168 0.81845974922180175781 0.8229274749755859375 0.82493174076080322266 0.82651633024215698242 0.83249139785766601563 0.85809355974197387695 0.87809723615646362305 0.88599431514739990234 0.87672501802444458008 0.88177460432052612305 0.89048862457275390625
-3.4028234663852885981e+38 -3.4028234663852885981e+38 -3.4028234663852885981e+38 -3.4028234663852885981e+38 -3.4028234663852885981e+38 -3.4028234663852885981e+38 -3.4028234663852885981e+38 -3.4028234663852885981e+38 -3.4028234663852885981e+38 0.94276833534240722656 0.94006550312042236328 0.94546151161193847656 0.93853116035461425781 0.93340277671813964844 0.92966699600219726563 0.93212407827377319336 0.93939518928527832031 0.93570411205291748047 0.92315304279327392578 0.90670031309127807617 0.89178752899169921875 0.88777154684066772461 0.87806463241577148438 0.86474907398223876953 0.86156409978866577148 0.86226242780685424805 0.86612832546234130859 0.87513154745101928711 0.87833940982818603516 0.87694907188415527344 0.89099991321563720703 0.90152305364608764648 0.91284120082855224609 0.9122053980827331543 0.91473495960235595703 0.92026245594024658203
-3.4028234663852885981e+38 -3.4028234663852885981e+38 -3.4028234663852885981e+38 -3.4028234663852885981e+38 -3.4028234663852885981e+38 -3.4028234663852885981e+38 -3.4028234663852885981e+38 -3.4028234663852885981e+38 -3.4028234663852885981e+38 0.93592613935470581055 0.93940639495849609375 0.9464709162712097168 0.93996661901473999023 0.93849104642868041992 0.93209385871887207031 -3.4028234663852885981e+38 -3.4028234663852885981e+38 -3.4028234663852885981e+38 -3.4028234663852885981e+38 0.93605566024780273438 0.9370186924934387207 0.92924165725708007813 0.9149017333984375 0.90871804952621459961 0.90640103816986083984 0.89862936735153198242 0.88711953163146972656 0.88785523176193237305 0.88739407062530517578 0.89184594154357910156 0.91674810647964477539 0.93114167451858520508 0.93265700340270996094 0.93621098995208740234 0.93771225214004516602 0.93516075611114501953
-3.4028234663852885981e+38 -3.4028234663852885981e+38 -3.4028234663852885981e+38 -3.4028234663852885981e+38 -3.4028234663852885981e+38 -3.4028234663852885981e+38 -3.4028234663852885981e+38 -3.4028234663852885981e+38 -3.4028234663852885981e+38 -3.4028234663852885981e+38 -3.4028234663852885981e+38 -3.4028234663852885981e+38 -3.4028234663852885981e+38 -3.4028234663852885981e+38 -3.4028234663852885981e+38 -3.4028234663852885981e+38 -3.4028234663852885981e+38 -3.4028234663852885981e+38 -3.4028234663852885981e+38 -3.4028234663852885981e+38 -3.4028234663852885981e+38 -3.4028234663852885981e+38 -3.4028234663852885981e+38 0.93901026248931884766 0.9418112635612487793 0.92339545488357543945 0.90640389919281005859 0.90563207864761352539 0.90536057949066162109 0.91338860988616943359 0.92240303754806518555 0.91700077056884765625 0.92764639854431152344 -3.4028234663852885981e+38 -3.4028234663852885981e+38 0.93709290027618408203
-3.4028234663852885981e+38 -3.4028234663852885981e+38 -3.4028234663852885981e+38 -3.4028234663852885981e+38 -3.4028234663852885981e+38 -3.4028234663852885981e+38 -3.4028234663852885981e+38 -3.4028234663852885981e+38 -3.4028234663852885981e+38 -3.4028234663852885981e+38 -3.4028234663852885981e+38 -3.4028234663852885981e+38 -3.4028234663852885981e+38 -3.4028234663852885981e+38 -3.4028234663852885981e+38 -3.4028234663852885981e+38 -3.4028234663852885981e+38 -3.4028234663852885981e+38 -3.4028234663852885981e+38 -3.4028234663852885981e+38 -3.4028234663852885981e+38 -3.4028234663852885981e+38 -3.4028234663852885981e+38 -3.4028234663852885981e+38 -3.4028234663852885981e+38 -3.4028234663852885981e+38 0.92858028411865234375 0.92789936065673828125 0.92250090837478637695 0.92320799827575683594 0.91364306211471557617 0.90355575084686279297 -3.4028234663852885981e+38 -3.4028234663852885981e+38 -3.4028234663852885981e+38 -3.4028234663852885981e+38
-3.4028234663852885981e+38 -3.4028234663852885981e+38 -3.4028234663852885981e+38 -3.4028234663852885981e+38 -3.4028234663852885981e+38 -3.4028234663852885981e+38 -3.4028234663852885981e+38 -3.4028234663852885981e+38 -3.4028234663852885981e+38 -3.4028234663852885981e+38 -3.4028234663852885981e+38 -3.4028234663852885981e+38 -3.4028234663852885981e+38 -3.4028234663852885981e+38 -3.4028234663852885981e+38 -3.4028234663852885981e+38 -3.4028234663852885981e+38 -3.4028234663852885981e+38 -3.4028234663852885981e+38 -3.4028234663852885981e+38 -3.4028234663852885981e+38 -3.4028234663852885981e+38 -3.4028234663852885981e+38 -3.4028234663852885981e+38 -3.4028234663852885981e+38 -3.4028234663852885981e+38 -3.4028234663852885981e+38 -3.4028234663852885981e+38 -3.4028234663852885981e+38 -3.4028234663852885981e+38 -3.4028234663852885981e+38 -3.4028234663852885981e+38 -3.4028234663852885981e+38 -3.4028234663852885981e+38 -3.4028234663852885981e+38 -3.4028234663852885981e+38
