model/gis/productivity/productivity_500BC.asc
ncols        112
nrows        95
xllcorner    23.558333239100
yllcorner    37.983333181400
cellsize     0.008333333300
NODATA_value  -9999
[rows 64 to 79 of 95, columns 72 to 107 of 112]
0.86221408843994140625 0.83998048305511474609 0.8158168792724609375 0.82174265384674072266 0.85822921991348266602 0.90015172958374023438 0.90052235126495361328 0.87561404705047607422 0.86911696195602416992 0.88356113433837890625 0.88514548540115356445 -3.4028234663852885981e+38 -3.4028234663852885981e+38 -3.4028234663852885981e+38 -3.4028234663852885981e+38 -3.4028234663852885981e+38 -3.4028234663852885981e+38 -3.4028234663852885981e+38 -3.4028234663852885981e+38 -3.4028234663852885981e+38 -3.4028234663852885981e+38 -3.4028234663852885981e+38 -3.4028234663852885981e+38 -3.4028234663852885981e+38 -3.4028234663852885981e+38 -3.4028234663852885981e+38 -3.4028234663852885981e+38 -3.4028234663852885981e+38 -3.4028234663852885981e+38 -3.4028234663852885981e+38 -3.4028234663852885981e+38 -3.4028234663852885981e+38 -3.4028234663852885981e+38 -3.4028234663852885981e+38 -3.4028234663852885981e+38 -3.4028234663852885981e+38
0.82294094562530517578 0.83400899171829223633 0.85504692792892456055 0.86239171028137207031 0.86627691984176635742 0.88285183906555175781 0.90174913406372070313 0.89894855022430419922 0.85656023025512695313 0.82720285654067993164 0.81750696897506713867 -3.4028234663852885981e+38 -3.4028234663852885981e+38 -3.4028234663852885981e+38 -3.4028234663852885981e+38 -3.4028234663852885981e+38 -3.4028234663852885981e+38 -3.4028234663852885981e+38 -3.4028234663852885981e+38 -3.4028234663852885981e+38 -3.4028234663852885981e+38 -3.4028234663852885981e+38 -3.4028234663852885981e+38 -3.4028234663852885981e+38 -3.4028234663852885981e+38 -3.4028234663852885981e+38 -3.4028234663852885981e+38 -3.4028234663852885981e+38 -3.4028234663852885981e+38 -3.4028234663852885981e+38 -3.4028234663852885981e+38 -3.4028234663852885981e+38 -3.4028234663852885981e+38 -3.4028234663852885981e+38 -3.4028234663852885981e+38 -3.4028234663852885981e+38
0.88356584310531616211 0.86124861240386962891 0.87377315759658813477 0.88840776681900024414 0.89362108707427978516 0.89249664545059204102 0.87944018840789794922 0.88637769222259521484 0.89881712198257446289 0.86705911159515380859 0.80157673358917236328 0.81323611736297607422 -3.4028234663852885981e+38 -3.4028234663852885981e+38 -3.4028234663852885981e+38 -3.4028234663852885981e+38 -3.4028234663852885981e+38 -3.4028234663852885981e+38 -3.4028234663852885981e+38 -3.4028234663852885981e+38 -3.4028234663852885981e+38 -3.4028234663852885981e+38 -3.4028234663852885981e+38 -3.4028234663852885981e+38 -3.4028234663852885981e+38 -3.4028234663852885981e+38 -3.4028234663852885981e+38 -3.4028234663852885981e+38 -3.4028234663852885981e+38 -3.4028234663852885981e+38 -3.4028234663852885981e+38 -3.4028234663852885981e+38 -3.4028234663852885981e+38 -3.4028234663852885981e+38 -3.4028234663852885981e+38 -3.4028234663852885981e+38
0.91642916202545166016 -3.4028234663852885981e+38 0.91712456941604614258 0.91836464405059814453 0.91716861724853515625 0.89542901515960693359 0.87858432531356811523 0.88261276483535766602 0.88327974081039428711 0.88578659296035766602 0.84345573186874389648 0.791423797607421875 -3.4028234663852885981e+38 -3.4028234663852885981e+38 -3.4028234663852885981e+38 -3.4028234663852885981e+38 -3.4028234663852885981e+38 -3.4028234663852885981e+38 -3.4028234663852885981e+38 -3.4028234663852885981e+38 -3.4028234663852885981e+38 -3.4028234663852885981e+38 -3.4028234663852885981e+38 -3.4028234663852885981e+38 -3.4028234663852885981e+38 -3.4028234663852885981e+38 -3.4028234663852885981e+38 -3.4028234663852885981e+38 -3.4028234663852885981e+38 -3.4028234663852885981e+38 -3.4028234663852885981e+38 -3.4028234663852885981e+38 -3.4028234663852885981e+38 -3.4028234663852885981e+38 -3.4028234663852885981e+38 -3.4028234663852885981e+38
0.92058128118515014648 -3.4028234663852885981e+38 0.92022234201431274414 0.93942731618881225586 0.91926312446594238281 0.90082412958145141602 0.87459176778793334961 0.86951285600662231445 0.87713646888732910156 0.89346706867218017578 0.88081628084182739258 0.83314383029937744141 0.83860820531845092773 -3.4028234663852885981e+38 -3.4028234663852885981e+38 -3.4028234663852885981e+38 -3.4028234663852885981e+38 -3.4028234663852885981e+38 -3.4028234663852885981e+38 -3.4028234663852885981e+38 -3.4028234663852885981e+38 -3.4028234663852885981e+38 -3.4028234663852885981e+38 -3.4028234663852885981e+38 -3.4028234663852885981e+38 -3.4028234663852885981e+38 -3.4028234663852885981e+38 -3.4028234663852885981e+38 -3.4028234663852885981e+38 -3.4028234663852885981e+38 -3.4028234663852885981e+38 -3.4028234663852885981e+38 -3.4028234663852885981e+38 -3.4028234663852885981e+38 -3.4028234663852885981e+38 -3.4028234663852885981e+38
0.92635715007781982422 0.9195372462272644043 0.92869627475738525391 0.93732434511184692383 0.92381715774536132813 0.91196745634078979492 0.88259530067443847656 0.86100363731384277344 0.8636042475700378418 0.86689269542694091797 0.8718382716178894043 0.85648053884506225586 0.88469141721725463867 0.83483290672302246094 0.80365657806396484375 -3.4028234663852885981e+38 -3.4028234663852885981e+38 -3.4028234663852885981e+38 -3.4028234663852885981e+38 -3.4028234663852885981e+38 -3.4028234663852885981e+38 -3.4028234663852885981e+38 -3.4028234663852885981e+38 -3.4028234663852885981e+38 -3.4028234663852885981e+38 -3.4028234663852885981e+38 -3.4028234663852885981e+38 -3.4028234663852885981e+38 -3.4028234663852885981e+38 -3.4028234663852885981e+38 -3.4028234663852885981e+38 -3.4028234663852885981e+38 -3.4028234663852885981e+38 -3.4028234663852885981e+38 -3.4028234663852885981e+38 -3.4028234663852885981e+38
0.92357981204986572266 0.92777729034423828125 0.93347251415252685547 0.93446952104568481445 0.92953157424926757813 0.92179596424102783203 0.8949985504150390625 0.87178093194961547852 0.85137963294982910156 0.84641301631927490234 0.87363660335540771484 0.8995838165283203125 0.86760252714157104492 0.81850028038024902344 0.79824626445770263672 0.78144890069961547852 0.79546958208084106445 -3.4028234663852885981e+38 -3.4028234663852885981e+38 -3.4028234663852885981e+38 -3.4028234663852885981e+38 -3.4028234663852885981e+38 -3.4028234663852885981e+38 -3.4028234663852885981e+38 -3.4028234663852885981e+38 -3.4028234663852885981e+38 -3.4028234663852885981e+38 -3.4028234663852885981e+38 -3.4028234663852885981e+38 -3.4028234663852885981e+38 -3.4028234663852885981e+38 -3.4028234663852885981e+38 -3.4028234663852885981e+38 -3.4028234663852885981e+38 -3.4028234663852885981e+38 -3.4028234663852885981e+38
0.92388749122619628906 0.90847516059875488281 0.92914503812789916992 0.92069506645202636719 0.92643880844116210938 0.93585747480392456055 0.92950493097305297852 0.92372810840606689453 0.91348624229431152344 0.88177347183227539063 0.86021077632904052734 0.85721766948699951172 0.82388818264007568359 0.7693881988525390625 0.7640132904052734375 0.7727196812629699707 0.77964878082275390625 0.80247610807418823242 0.84298545122146606445 0.82334828376770019531 0.83961451053619384766 0.90358221530914306641 -3.4028234663852885981e+38 -3.4028234663852885981e+38 -3.4028234663852885981e+38 -3.4028234663852885981e+38 -3.4028234663852885981e+38 -3.4028234663852885981e+38 -3.4028234663852885981e+38 -3.4028234663852885981e+38 -3.4028234663852885981e+38 -3.4028234663852885981e+38 -3.4028234663852885981e+38 -3.4028234663852885981e+38 -3.4028234663852885981e+38 -3.4028234663852885981e+38
0.90604841709136962891 0.91123807430267333984 0.92062157392501831055 -3.4028234663852885981e+38 0.91999638080596923828 0.9318287968635559082 0.90146434307098388672 0.92336183786392211914 0.92011809349060058594 0.87775617837905883789 0.82519155740737915039 0.82496267557144165039 0.78971320390701293945 0.76099896430969238281 0.83697420358657836914 0.81843996047973632813 0.79127001762390136719 0.79542398452758789063 0.83649367094039916992 0.88211357593536376953 0.81308352947235107422 0.81576216220855712891 0.87108904123306274414 -3.4028234663852885981e+38 -3.4028234663852885981e+38 -3.4028234663852885981e+38 -3.4028234663852885981e+38 -3.4028234663852885981e+38 -3.4028234663852885981e+38 -3.4028234663852885981e+38 -3.4028234663852885981e+38 -3.4028234663852885981e+38 -3.4028234663852885981e+38 -3.4028234663852885981e+38 -3.4028234663852885981e+38 -3.4028234663852885981e+38
-3.4028234663852885981e+38 0.92601639032363891602 -3.4028234663852885981e+38 0.92544472217559814453 0.91864943504333496094 0.86888647079467773438 0.84213727712631225586 0.85829639434814453125 0.90021002292633056641 0.89125573635101318359 0.79856610298156738281 0.78694164752960205078 0.80506092309951782227 0.83847063779830932617 0.77724117040634155273 0.76481205224990844727 0.77396243810653686523 0.86589652299880981445 0.8100731968879699707 0.70417934656143188477 0.69600176811218261719 0.72968333959579467773 0.78980755805969238281 0.76616770029067993164 0.73546046018600463867 0.76894956827163696289 0.82310765981674194336 0.85757881402969360352 0.83713352680206298828 -3.4028234663852885981e+38 -3.4028234663852885981e+38 -3.4028234663852885981e+38 -3.4028234663852885981e+38 -3.4028234663852885981e+38 -3.4028234663852885981e+38 -3.4028234663852885981e+38
-3.4028234663852885981e+38 -3.4028234663852885981e+38 -3.4028234663852885981e+38 0.86202645301818847656 0.8263333439826965332 0.8078257441520690918 0.80257260799407958984 0.79825311899185180664 0.81025964021682739258 0.87465077638626098633 0.81482797861099243164 0.74730217456817626953 0.82581841945648193359 0.84018403291702270508 0.81811809539794921875 0.8201758265495300293 0.83429086208343505859 0.85984581708908081055 0.72968614101409912109 0.757114410400390625 0.76221907138824462891 0.76923722028732299805 0.81702399253845214844 0.74818897247314453125 0.78527987003326416016 0.82684469223022460938 0.86288315057754516602 0.82848793268203735352 0.74987429380416870117 0.73067992925643920898 0.71297723054885864258 0.70867675542831420898 0.74248921871185302734 0.78737157583236694336 0.83589041233062744141 -3.4028234663852885981e+38
-3.4028234663852885981e+38 -3.4028234663852885981e+38 -3.4028234663852885981e+38 0.84855031967163085938 0.88277018070220947266 0.86062067747116088867 0.82428473234176635742 0.88776308298110961914 0.85211449861526489258 0.8558571934700012207 0.83741939067840576172 0.73401170969009399414 0.81575638055801391602 0.80892467498779296875 0.80746978521347045898 0.83843028545379638672 0.87423735857009887695 0.82480627298355102539 0.73309659957885742188 0.78397321701049804688 0.79787999391555786133 0.81665533781051635742 0.84443324804306030273 0.85147273540496826172 0.7996775507926940918 0.80139070749282836914 0.86148649454116821289 0.72958815097808837891 0.73625910282135009766 0.73293316364288330078 0.70144265890121459961 0.6491641998291015625 0.65053713321685791016 0.71271353960037231445 0.77779680490493774414 0.70891290903091430664
-3.4028234663852885981e+38 -3.4028234663852885981e+38 -3.4028234663852885981e+38 0.84650516510009765625 0.82033646106719970703 0.81191313266754150391 0.78409522771835327148 0.79729086160659790039 0.88086408376693725586 0.84724527597427368164 0.79997080564498901367 0.74851703643798828125 0.83578586578369140625 0.78467947244644165039 0.79523980617523193359 0.84553372859954833984 0.89780992269515991211 0.86572468280792236328 0.79408049583435058594 0.79616367816925048828 0.84871816635131835938 0.87074643373489379883 0.87506008148193359375 0.81525415182113647461 0.80497097969055175781 0.90036082267761230469 0.78764623403549194336 0.72891288995742797852 0.75642430782318115234 0.74009239673614501953 0.73455053567886352539 0.76711881160736083984 0.74224132299423217773 0.77880716323852539063 0.76491951942443847656 0.63523769378662109375
-3.4028234663852885981e+38 -3.4028234663852885981e+38 -3.4028234663852885981e+38 -3.4028234663852885981e+38 0.8956444859504699707 0.9131901860237121582 0.84246534109115600586 0.77593708038330078125 0.78651750087738037109 0.82425409555435180664 0.84323656558990478516 0.80107778310775756836 0.84601837396621704102 0.77841877937316894531 0.84848117828369140625 0.8712946772575378418 0.87369358539581298828 0.84407466650009155273 0.83911174535751342773 0.85692447423934936523 0.85140424966812133789 0.82684284448623657227 0.80599790811538696289 0.83122032880783081055 0.90759056806564331055 0.83594113588333129883 0.8072306513786315918 0.76405674219131469727 0.75870382785797119141 0.82409739494323730469 0.813877105712890625 0.7632439732551574707 0.7222455143928527832 0.86713927984237670898 0.69435018301010131836 0.66091167926788330078
-3.4028234663852885981e+38 -3.4028234663852885981e+38 -3.4028234663852885981e+38 -3.4028234663852885981e+38 -3.4028234663852885981e+38 0.89033907651901245117 0.78233605623245239258 0.74889087677001953125 0.83761543035507202148 0.81769096851348876953 0.7974071502685546875 0.76152300834655761719 0.83887743949890136719 0.82184016704559326172 0.84070408344268798828 0.85185253620147705078 0.84827411174774169922 0.79249107837677001953 0.81531786918640136719 0.86189824342727661133 0.86577939987182617188 0.85113632678985595703 0.8386929631233215332 0.89373165369033813477 0.82726705074310302734 0.79437363147735595703 0.81140750646591186523 0.8109416961669921875 0.77736443281173706055 0.78482508659362792969 0.73495393991470336914 0.74126195907592773438 0.80963242053985595703 0.84067654609680175781 0.68665426969528198242 0.69718831777572631836
-3.4028234663852885981e+38 -3.4028234663852885981e+38 -3.4028234663852885981e+38 -3.4028234663852885981e+38 -3.4028234663852885981e+38 0.88057589530944824219 0.77868950366973876953 0.78845304250717163086 0.77052628993988037109 0.7411829829216003418 0.78373062610626220703 0.74050164222717285156 0.73820024728775024414 0.81261801719665527344 0.88061529397964477539 0.86758905649185180664 0.79916864633560180664 0.78570640087127685547 0.82502710819244384766 0.83441942930221557617 0.85771936178207397461 0.87697786092758178711 0.86620932817459106445 0.91551709175109863281 0.80412161350250244141 0.79232907295227050781 0.84665262699127197266 0.83677065372467041016 0.82900261878967285156 0.78512233495712280273 0.76555246114730834961 0.83578401803970336914 0.83173590898513793945 0.73876309394836425781 0.67696666717529296875 0.73244559764862060547
