model/gis/productivity/productivity_1500BC.asc
ncols        112
nrows        95
xllcorner    23.558333239100
yllcorner    37.983333181400
cellsize     0.008333333300
NODATA_value  -9999
[rows 0 to 15 of 95, columns 0 to 35 of 112]
-3.4028234663852885981e+38 -3.4028234663852885981e+38 -3.4028234663852885981e+38 -3.4028234663852885981e+38 -3.4028234663852885981e+38 -3.4028234663852885981e+38 -3.4028234663852885981e+38 -3.4028234663852885981e+38 -3.4028234663852885981e+38 -3.4028234663852885981e+38 -3.4028234663852885981e+38 -3.4028234663852885981e+38 -3.4028234663852885981e+38 -3.4028234663852885981e+38 -3.4028234663852885981e+38 -3.4028234663852885981e+38 -3.4028234663852885981e+38 -3.4028234663852885981e+38 -3.4028234663852885981e+38 -3.4028234663852885981e+38 -3.4028234663852885981e+38 -3.4028234663852885981e+38 -3.4028234663852885981e+38 -3.4028234663852885981e+38 -3.4028234663852885981e+38 -3.4028234663852885981e+38 -3.4028234663852885981e+38 -3.4028234663852885981e+38 -3.4028234663852885981e+38 -3.4028234663852885981e+38 -3.4028234663852885981e+38 -3.4028234663852885981e+38 -3.4028234663852885981e+38 -3.4028234663852885981e+38 -3.4028234663852885981e+38 -3.4028234663852885981e+38
0.88192409276962280273 0.884799957275390625 0.89846384525299072266 0.8729260563850402832 0.71045267581939697266 0.65588241815567016602 0.68516331911087036133 -3.4028234663852885981e+38 -3.4028234663852885981e+38 -3.4028234663852885981e+38 -3.4028234663852885981e+38 -3.4028234663852885981e+38 -3.4028234663852885981e+38 -3.4028234663852885981e+38 -3.4028234663852885981e+38 -3.4028234663852885981e+38 -3.4028234663852885981e+38 -3.4028234663852885981e+38 -3.4028234663852885981e+38 -3.4028234663852885981e+38 -3.4028234663852885981e+38 -3.4028234663852885981e+38 -3.4028234663852885981e+38 -3.4028234663852885981e+38 -3.4028234663852885981e+38 -3.4028234663852885981e+38 -3.4028234663852885981e+38 -3.4028234663852885981e+38 -3.4028234663852885981e+38 -3.4028234663852885981e+38 -3.4028234663852885981e+38 -3.4028234663852885981e+38 -3.4028234663852885981e+38 -3.4028234663852885981e+38 -3.4028234663852885981e+38 -3.4028234663852885981e+38
0.870410919189453125 0.87190490961074829102 0.86482137441635131836 0.77226197719573974609 0.64881187677383422852 0.65116399526596069336 0.57245749235153198242 0.60793733596801757813 0.74241483211517333984 0.84286665916442871094 0.88351267576217651367 0.89042192697525024414 -3.4028234663852885981e+38 -3.4028234663852885981e+38 -3.4028234663852885981e+38 0.79041999578475952148 0.70266032218933105469 0.70184338092803955078 0.69778752326965332031 -3.4028234663852885981e+38 -3.4028234663852885981e+38 -3.4028234663852885981e+38 -3.4028234663852885981e+38 -3.4028234663852885981e+38 -3.4028234663852885981e+38 -3.4028234663852885981e+38 -3.4028234663852885981e+38 -3.4028234663852885981e+38 -3.4028234663852885981e+38 -3.4028234663852885981e+38 -3.4028234663852885981e+38 -3.4028234663852885981e+38 -3.4028234663852885981e+38 -3.4028234663852885981e+38 -3.4028234663852885981e+38 -3.4028234663852885981e+38
0.84328240156173706055 0.82138550281524658203 0.80123949050903320313 0.78217113018035888672 0.70420145988464355469 0.6970233917236328125 0.70123475790023803711 0.55849313735961914063 0.60186189413070678711 0.7169291377067565918 0.8157609105110168457 0.86685264110565185547 0.85297685861587524414 0.82266891002655029297 0.80355215072631835938 0.74744772911071777344 0.69934713840484619141 0.74062013626098632813 0.68468767404556274414 0.69424766302108764648 -3.4028234663852885981e+38 -3.4028234663852885981e+38 -3.4028234663852885981e+38 -3.4028234663852885981e+38 -3.4028234663852885981e+38 -3.4028234663852885981e+38 -3.4028234663852885981e+38 -3.4028234663852885981e+38 -3.4028234663852885981e+38 -3.4028234663852885981e+38 -3.4028234663852885981e+38 -3.4028234663852885981e+38 -3.4028234663852885981e+38 -3.4028234663852885981e+38 -3.4028234663852885981e+38 -3.4028234663852885981e+38
0.8971474766731262207 0.89988464117050170898 0.86065948009490966797 0.83626806735992431641 0.77763944864273071289 0.66999357938766479492 0.74270826578140258789 0.69816774129867553711 0.59075492620468139648 0.59112983942031860352 0.67327141761779785156 0.78492373228073120117 0.79153871536254882813 0.77303880453109741211 0.74880266189575195313 0.74194997549057006836 0.7112395167350769043 0.74464803934097290039 0.68807661533355712891 0.65639293193817138672 0.74590104818344116211 -3.4028234663852885981e+38 -3.4028234663852885981e+38 -3.4028234663852885981e+38 -3.4028234663852885981e+38 -3.4028234663852885981e+38 -3.4028234663852885981e+38 -3.4028234663852885981e+38 -3.4028234663852885981e+38 -3.4028234663852885981e+38 -3.4028234663852885981e+38 -3.4028234663852885981e+38 -3.4028234663852885981e+38 -3.4028234663852885981e+38 -3.4028234663852885981e+38 -3.4028234663852885981e+38
0.9127890467643737793 0.88737165927886962891 0.86926543712615966797 0.84847700595855712891 0.8157164454460144043 0.71189802885055541992 0.65584796667098999023 0.74209713935852050781 0.78045731782913208008 0.61245691776275634766 0.55591470003128051758 0.66749727725982666016 0.69662553071975708008 0.69655841588973999023 0.66889172792434692383 0.63962417840957641602 0.63763165473937988281 0.68815058469772338867 0.67361903190612792969 0.65304702520370483398 0.71857088804244995117 0.8171482086181640625 -3.4028234663852885981e+38 -3.4028234663852885981e+38 -3.4028234663852885981e+38 -3.4028234663852885981e+38 -3.4028234663852885981e+38 -3.4028234663852885981e+38 -3.4028234663852885981e+38 -3.4028234663852885981e+38 -3.4028234663852885981e+38 -3.4028234663852885981e+38 -3.4028234663852885981e+38 -3.4028234663852885981e+38 -3.4028234663852885981e+38 -3.4028234663852885981e+38
0.90189498662948608398 0.89436757564544677734 0.88752847909927368164 0.8591696619987487793 0.82698470354080200195 0.77641129493713378906 0.71883970499038696289 0.72178512811660766602 0.71276807785034179688 0.70339924097061157227 0.5514418482780456543 0.5788529515266418457 0.64329183101654052734 0.62587809562683105469 0.60185843706130981445 0.59137952327728271484 0.64306181669235229492 0.75193053483963012695 0.65558165311813354492 0.68770849704742431641 0.75042927265167236328 0.79321050643920898438 0.85092741250991821289 0.91088837385177612305 -3.4028234663852885981e+38 -3.4028234663852885981e+38 -3.4028234663852885981e+38 -3.4028234663852885981e+38 -3.4028234663852885981e+38 -3.4028234663852885981e+38 -3.4028234663852885981e+38 -3.4028234663852885981e+38 -3.4028234663852885981e+38 -3.4028234663852885981e+38 -3.4028234663852885981e+38 -3.4028234663852885981e+38
0.91248869895935058594 0.89343476295471191406 0.87374168634414672852 0.85434019565582275391 0.84238296747207641602 0.80731993913650512695 0.760883331298828125 0.71788263320922851563 0.68277925252914428711 0.6922168731689453125 0.702423095703125 0.59407562017440795898 0.67513120174407958984 0.7210642695426940918 0.75914973020553588867 0.7781206965446472168 0.76249563694000244141 0.6973082423210144043 0.64969837665557861328 0.72753769159317016602 0.78516489267349243164 0.82634735107421875 0.84673941135406494141 0.87755984067916870117 0.91028994321823120117 -3.4028234663852885981e+38 -3.4028234663852885981e+38 -3.4028234663852885981e+38 -3.4028234663852885981e+38 -3.4028234663852885981e+38 -3.4028234663852885981e+38 -3.4028234663852885981e+38 -3.4028234663852885981e+38 -3.4028234663852885981e+38 -3.4028234663852885981e+38 -3.4028234663852885981e+38
0.8806393742561340332 0.86379158496856689453 0.83342212438583374023 0.82936686277389526367 0.8054154515266418457 0.77505564689636230469 0.76033800840377807617 0.74369913339614868164 0.72942388057708740234 0.68953001499176025391 0.70997250080108642578 0.72788804769515991211 0.70909595489501953125 0.76931720972061157227 0.68301743268966674805 0.63217937946319580078 0.64442455768585205078 0.6842034459114074707 0.68647515773773193359 0.71619957685470581055 0.82701975107192993164 0.85542958974838256836 0.75152450799942016602 0.74644631147384643555 0.82545953989028930664 0.88070827722549438477 0.86015433073043823242 -3.4028234663852885981e+38 -3.4028234663852885981e+38 -3.4028234663852885981e+38 -3.4028234663852885981e+38 -3.4028234663852885981e+38 -3.4028234663852885981e+38 -3.4028234663852885981e+38 -3.4028234663852885981e+38 -3.4028234663852885981e+38
0.88352745771408081055 0.85854560136795043945 0.84743458032608032227 0.8614985346794128418 0.83049428462982177734 0.80881166458129882813 0.79409134387969970703 0.78035968542098999023 0.76107156276702880859 0.71348416805267333984 0.66692525148391723633 0.7180945277214050293 0.73365288972854614258 0.69497382640838623047 0.72318047285079956055 0.75019305944442749023 0.70834749937057495117 0.67747342586517333984 0.6865024566650390625 0.76618802547454833984 0.83044826984405517578 0.6585941314697265625 0.65782690048217773438 0.67383790016174316406 0.73703491687774658203 0.78497833013534545898 0.76583749055862426758 0.76928085088729858398 0.80569434165954589844 0.81715303659439086914 -3.4028234663852885981e+38 -3.4028234663852885981e+38 -3.4028234663852885981e+38 -3.4028234663852885981e+38 -3.4028234663852885981e+38 -3.4028234663852885981e+38
0.89667493104934692383 0.87181514501571655273 0.85628497600555419922 0.84712296724319458008 0.82754337787628173828 0.83084392547607421875 0.81470930576324462891 0.78937178850173950195 0.77848023176193237305 0.74174517393112182617 0.68261301517486572266 0.66024512052536010742 0.73625802993774414063 0.7202555537223815918 0.66318553686141967773 0.74762529134750366211 0.82977962493896484375 0.82080864906311035156 0.86624455451965332031 0.77616268396377563477 0.63882732391357421875 0.61421239376068115234 0.69457954168319702148 0.68182766437530517578 0.72616505622863769531 0.7636763453483581543 0.82997852563858032227 0.83777135610580444336 0.83301001787185668945 0.82300543785095214844 0.80059331655502319336 0.79519367218017578125 0.81858807802200317383 -3.4028234663852885981e+38 -3.4028234663852885981e+38 -3.4028234663852885981e+38
0.84260511398315429688 0.88286536931991577148 0.84640133380889892578 0.83257293701171875 0.84142154455184936523 0.85239386558532714844 0.83926618099212646484 0.8110682368278503418 0.80006760358810424805 0.79998618364334106445 0.77899408340454101563 0.73706972599029541016 0.70793992280960083008 0.75422614812850952148 0.71389442682266235352 0.68809682130813598633 0.70861983299255371094 0.71106368303298950195 0.66896718740463256836 0.56744283437728881836 0.55133080482482910156 0.63720482587814331055 0.65899753570556640625 0.66949498653411865234 0.6581313014030456543 0.68617391586303710938 0.79127955436706542969 0.84524810314178466797 0.8393967747688293457 0.83586347103118896484 0.83116209506988525391 0.78430849313735961914 0.74860495328903198242 0.78298139572143554688 0.84233301877975463867 -3.4028234663852885981e+38
0.78530746698379516602 0.80922120809555053711 0.85935068130493164063 0.83609038591384887695 0.84885239601135253906 0.8516597747802734375 0.85873252153396606445 0.84928303956985473633 0.82738101482391357422 0.80288559198379516602 0.7813389897346496582 0.81540763378143310547 0.80646848678588867188 0.78321588039398193359 0.79492735862731933594 0.69826650619506835938 0.64446473121643066406 0.63659578561782836914 0.64983767271041870117 0.65063804388046264648 0.7055994868278503418 0.74498331546783447266 0.67684310674667358398 0.68753111362457275391 0.66128784418106079102 0.61324095726013183594 0.65495955944061279297 0.75341469049453735352 0.78881490230560302734 0.79171699285507202148 0.80059462785720825195 0.80484151840209960938 0.7833359837532043457 0.76267725229263305664 0.75877815485000610352 0.76866888999938964844
0.7987461090087890625 0.77773201465606689453 0.81984710693359375 0.85616093873977661133 0.86547112464904785156 0.84806597232818603516 0.85453909635543823242 0.85968917608261108398 0.82588499784469604492 0.78813022375106811523 0.76520377397537231445 0.8166154026985168457 0.84070473909378051758 0.79142689704895019531 0.76533985137939453125 0.78351682424545288086 0.80682104825973510742 0.77949422597885131836 0.80460053682327270508 0.76049715280532836914 0.70484882593154907227 0.69643092155456542969 0.7130724787712097168 0.75253403186798095703 0.79029542207717895508 0.74807667732238769531 0.65776139497756958008 0.65380513668060302734 0.70916694402694702148 0.76053863763809204102 0.77481412887573242188 0.78448098897933959961 0.77293789386749267578 0.72656404972076416016 0.71213197708129882813 0.73190546035766601563
0.83340585231781005859 0.83533364534378051758 0.84424984455108642578 0.85211896896362304688 0.85951310396194458008 0.82100772857666015625 0.81384032964706420898 0.81575834751129150391 0.80473279953002929688 0.78009486198425292969 0.75863778591156005859 0.75519615411758422852 0.76139962673187255859 0.75505375862121582031 0.71821981668472290039 0.68140196800231933594 0.67292946577072143555 0.69018185138702392578 0.71354562044143676758 0.71537697315216064453 0.68981039524078369141 0.65638244152069091797 0.64567017555236816406 0.67063850164413452148 0.67169529199600219727 0.6853860020637512207 0.77800256013870239258 0.76423716545104980469 0.68446993827819824219 0.66890382766723632813 0.66971135139465332031 0.68023186922073364258 0.70861053466796875 0.71366989612579345703 0.70057833194732666016 0.70997738838195800781
0.79456794261932373047 0.79264479875564575195 0.79971849918365478516 0.81557166576385498047 0.82374745607376098633 0.81341350078582763672 0.80295068025588989258 0.81429302692413330078 0.80219024419784545898 0.76563912630081176758 0.72254925966262817383 0.70237135887145996094 0.71738266944885253906 0.73865264654159545898 0.73612946271896362305 0.71445870399475097656 0.69576692581176757813 0.70251196622848510742 0.72605973482131958008 0.74110883474349975586 0.74695694446563720703 0.74396085739135742188 0.73758745193481445313 0.75298708677291870117 0.74658912420272827148 0.70519292354583740234 0.65957456827163696289 0.68234217166900634766 0.78132379055023193359 0.76791489124298095703 0.71377909183502197266 0.65733760595321655273 0.6148770451545715332 0.61110264062881469727 0.61482453346252441406 0.66385310888290405273
