model/gis/elevation/Eretria_CHELSA_TraCE21k_dem_-15_V1.asc
ncols        112
nrows        96
xllcorner    23.558333239100
yllcorner    37.974999848100
cellsize     0.008333333300
NODATA_value  -9999
[rows 0 to 34 of 96, columns 0 to 79 of 112]
-9999.0 -9999 -9999 -9999 -9999 -9999 -9999 -9999 -9999 -9999 -9999 -9999 -9999 -9999 -9999 -9999 -9999 -9999 -9999 -9999 -9999 -9999 -9999 -9999 -9999 -9999 -9999 -9999 -9999 -9999 -9999 -9999 -9999 -9999 -9999 -9999 -9999 -9999 -9999 -9999 -9999 -9999 -9999 -9999 -9999 -9999 -9999 -9999 -9999 -9999 -9999 -9999 -9999 -9999 -9999 -9999 -9999 -9999 -9999 -9999 -9999 -9999 -9999 -9999 -9999 -9999 -9999 -9999 -9999 -9999 -9999 -9999 -9999 -9999 -9999 -9999 -9999 -9999 -9999 -9999
316 278 180 134 254 409 264 148 150 122 123 122 -9999 -9999 -9999 123 156 223 186 123 -9999 -9999 -9999 -9999 -9999 -9999 -9999 -9999 -9999 -9999 -9999 -9999 -9999 -9999 -9999 -9999 -9999 -9999 -9999 -9999 -9999 -9999 -9999 -9999 -9999 -9999 -9999 -9999 -9999 -9999 -9999 -9999 -9999 -9999 -9999 -9999 -9999 -9999 -9999 -9999 -9999 -9999 -9999 -9999 -9999 -9999 -9999 -9999 -9999 -9999 -9999 -9999 -9999 -9999 -9999 -9999 -9999 -9999 -9999 -9999
278 190 181 227 538 810 617 371 203 150 161 169 156 137 137 189 385 466 439 175 -9999 -9999 -9999 -9999 -9999 -9999 -9999 -9999 -9999 -9999 -9999 -9999 -9999 -9999 -9999 -9999 -9999 -9999 -9999 -9999 -9999 -9999 -9999 -9999 -9999 -9999 -9999 -9999 -9999 -9999 -9999 -9999 -9999 -9999 -9999 -9999 -9999 -9999 -9999 -9999 -9999 -9999 -9999 -9999 -9999 -9999 -9999 -9999 -9999 -9999 -9999 -9999 -9999 -9999 -9999 -9999 -9999 -9999 -9999 -9999
395 320 334 392 531 836 994 738 451 304 227 220 248 261 255 320 596 675 584 352 151 -9999 -9999 -9999 -9999 -9999 -9999 -9999 -9999 -9999 -9999 -9999 -9999 -9999 -9999 -9999 -9999 -9999 -9999 -9999 -9999 -9999 -9999 -9999 -9999 -9999 -9999 -9999 -9999 -9999 -9999 -9999 -9999 -9999 -9999 -9999 -9999 -9999 -9999 -9999 -9999 -9999 -9999 -9999 -9999 -9999 -9999 -9999 -9999 -9999 -9999 -9999 -9999 -9999 -9999 -9999 -9999 -9999 -9999 -9999
406 416 445 488 529 709 990 1008 788 558 387 286 329 396 434 452 627 789 760 558 302 152 -9999 -9999 -9999 -9999 -9999 -9999 -9999 -9999 -9999 -9999 -9999 -9999 -9999 -9999 -9999 -9999 -9999 -9999 -9999 -9999 -9999 -9999 -9999 -9999 -9999 -9999 -9999 -9999 -9999 -9999 -9999 -9999 -9999 -9999 -9999 -9999 -9999 -9999 -9999 -9999 -9999 -9999 -9999 -9999 -9999 -9999 -9999 -9999 -9999 -9999 -9999 -9999 -9999 -9999 -9999 -9999 -9999 -9999
318 359 409 493 569 647 892 1007 1006 956 695 454 550 546 635 695 688 959 902 629 425 236 142 122 -9999 -9999 -9999 -9999 -9999 -9999 -9999 -9999 -9999 -9999 -9999 -9999 -9999 -9999 -9999 -9999 -9999 -9999 -9999 -9999 -9999 -9999 -9999 -9999 -9999 -9999 -9999 -9999 -9999 -9999 -9999 -9999 -9999 -9999 -9999 -9999 -9999 -9999 -9999 -9999 -9999 -9999 -9999 -9999 -9999 -9999 -9999 -9999 -9999 -9999 -9999 -9999 -9999 -9999 -9999 -9999
396 397 435 422 491 505 609 732 888 1155 1014 756 747 850 827 1058 1062 1123 984 720 468 299 232 144 144 -9999 -9999 -9999 -9999 -9999 -9999 -9999 -9999 -9999 -9999 -9999 -9999 -9999 -9999 -9999 -9999 -9999 -9999 -9999 -9999 -9999 -9999 -9999 -9999 -9999 -9999 -9999 -9999 -9999 -9999 -9999 -9999 -9999 -9999 -9999 -9999 -9999 -9999 -9999 -9999 -9999 -9999 -9999 -9999 -9999 -9999 -9999 -9999 -9999 -9999 -9999 -9999 -9999 -9999 -9999
371 386 386 408 416 486 624 789 973 1155 1334 1080 938 1121 1132 1256 1181 1079 717 533 539 410 241 140 248 194 147 -9999 -9999 -9999 -9999 -9999 -9999 -9999 -9999 -9999 -9999 -9999 -9999 -9999 -9999 -9999 -9999 -9999 -9999 -9999 -9999 -9999 -9999 -9999 -9999 -9999 -9999 -9999 -9999 -9999 -9999 -9999 -9999 -9999 -9999 -9999 -9999 -9999 -9999 -9999 -9999 -9999 -9999 -9999 -9999 -9999 -9999 -9999 -9999 -9999 -9999 -9999 -9999 -9999
341 404 485 581 582 647 706 817 974 1054 1202 1329 1090 1046 988 966 958 998 868 639 348 291 350 309 181 135 124 125 122 130 -9999 -9999 -9999 -9999 -9999 -9999 -9999 -9999 -9999 -9999 -9999 -9999 -9999 -9999 -9999 -9999 -9999 -9999 -9999 -9999 -9999 -9999 -9999 -9999 -9999 -9999 -9999 -9999 -9999 -9999 -9999 -9999 -9999 -9999 -9999 -9999 -9999 -9999 -9999 -9999 -9999 -9999 -9999 -9999 -9999 -9999 -9999 -9999 -9999 -9999
436 412 519 528 578 693 775 869 892 999 1094 1254 1210 1007 793 712 755 725 642 504 340 581 677 588 374 264 310 416 208 233 162 123 122 -9999 -9999 -9999 -9999 -9999 -9999 -9999 -9999 -9999 -9999 -9999 -9999 -9999 -9999 -9999 -9999 -9999 -9999 -9999 -9999 -9999 -9999 -9999 -9999 -283 -286 -294 -305 -9999 -9999 -9999 -9999 -9999 -9999 -9999 -9999 -9999 -9999 -9999 -9999 -9999 -9999 -9999 -9999 -9999 -9999 -9999
426 488 502 553 591 651 691 779 830 862 956 1069 1190 1161 963 688 608 549 442 429 546 811 942 634 488 430 435 497 288 394 407 217 142 129 160 -9999 -9999 -9999 -9999 122 122 -136 -171 -200 -9999 -9999 -9999 -9999 -9999 -9999 -193 122 -145 -123 -9999 -9999 -9999 130 150 127 122 -152 -173 -192 -9999 -9999 -9999 -9999 -9999 -9999 -9999 -9999 -9999 -9999 -9999 -9999 -9999 -9999 -9999 -9999
445 430 521 579 667 699 711 711 776 775 803 871 1037 1039 1008 743 676 604 604 769 931 1058 997 716 770 580 481 420 449 420 384 408 385 292 172 128 206 122 123 150 134 122 122 122 -9999 -9999 -9999 -9999 -9999 -9999 128 189 160 135 151 164 144 250 382 410 265 200 165 128 -9999 -9999 -133 -156 -178 -199 -9999 -9999 -9999 -9999 -9999 -9999 -9999 -9999 -9999 -9999
621 483 493 594 621 621 640 658 696 763 892 923 861 965 1032 995 970 885 870 1089 1197 1215 1120 972 1016 814 635 503 517 563 510 532 559 396 339 287 209 258 332 395 308 334 269 172 125 122 -9999 -9999 122 143 252 335 517 425 384 303 373 371 619 813 782 661 585 370 236 134 129 124 127 123 -168 -193 -215 -9999 -9999 -9999 -9999 -9999 -9999 -9999
724 638 528 558 603 633 694 675 713 755 836 959 919 965 1005 1101 1115 1097 1054 1068 1088 1159 1190 1061 1101 1110 887 687 682 653 606 597 609 542 554 474 530 376 464 405 657 719 510 311 204 234 187 139 278 551 604 515 844 831 724 639 537 540 710 854 885 786 670 597 412 370 326 214 166 130 122 123 -177 -9999 -9999 -9999 -9999 -9999 -9999 -9999
720 690 674 610 586 602 656 654 663 752 847 910 910 872 884 948 1003 984 966 950 918 910 938 847 861 900 1013 1022 896 753 789 768 724 833 758 599 698 583 507 509 677 640 423 238 220 373 319 177 383 641 665 580 750 898 866 784 626 538 633 728 753 633 504 415 350 447 340 313 286 302 195 141 -133 -9999 -9999 -9999 -9999 -9999 -9999 -9999
655 578 631 618 507 509 548 538 601 661 705 727 746 766 731 751 731 752 815 804 750 735 699 708 695 666 732 900 1072 1086 1023 1059 902 914 870 890 914 673 771 703 593 428 292 233 342 477 404 240 489 820 818 790 773 992 1011 746 575 567 585 601 575 551 615 447 326 381 369 343 290 200 151 138 -9999 -9999 -9999 -9999 -9999 -9999 -9999 -9999
579 485 462 511 480 376 456 482 542 523 526 497 570 624 573 632 590 598 729 679 665 657 587 606 614 493 548 666 822 962 1035 1147 1307 1312 1280 1085 831 837 985 686 446 348 299 412 523 579 360 311 648 942 940 940 804 995 1098 790 610 567 574 511 446 475 454 493 424 338 322 243 190 122 -9999 -9999 -9999 -9999 -9999 -9999 -9999 -9999 -9999 -9999
568 457 388 341 341 319 362 396 455 461 397 345 405 418 405 409 485 587 686 601 478 490 551 475 467 414 455 570 704 775 838 1120 1409 1690 1566 1191 940 1014 878 662 510 395 499 702 749 532 333 386 568 961 1027 1007 1042 893 992 930 764 612 462 395 362 407 455 503 470 388 261 159 123 -9999 -9999 -9999 -9999 -9999 -9999 -9999 -9999 -9999 -9999 -9999
509 444 359 312 280 277 321 373 404 429 388 274 334 361 382 393 481 564 550 529 424 360 414 425 382 374 381 455 607 626 814 945 1229 1512 1567 1242 1169 957 675 496 435 448 589 812 832 624 447 384 595 981 1029 1019 1003 909 912 1017 978 773 575 418 335 320 315 393 388 390 337 155 159 125 -9999 -9999 -9999 -9999 -9999 -9999 -9999 -9999 -9999 122
399 407 355 280 240 272 309 345 343 366 336 300 332 342 370 381 399 502 489 456 399 352 358 467 358 330 362 409 507 588 709 844 1007 1193 1140 1108 1226 970 696 567 672 593 745 954 1041 884 657 547 653 931 984 907 958 949 928 1004 1010 910 639 412 317 268 268 263 229 228 222 146 172 140 -9999 -9999 -9999 -9999 -9999 -9999 -9999 -9999 -9999 122
357 350 291 228 283 318 301 287 284 297 236 283 299 304 303 272 289 335 338 357 366 413 314 309 293 317 340 365 423 530 607 688 762 923 998 1063 1133 1073 873 704 775 746 895 1074 1144 927 784 752 934 981 959 963 1024 1063 996 1004 998 857 674 533 331 225 218 184 215 234 177 138 178 -9999 -9999 -9999 -9999 -9999 -9999 -9999 -9999 -9999 -9999 -9999
210 227 193 219 268 253 234 224 222 194 191 227 227 291 286 250 282 320 303 293 324 339 300 271 283 319 345 377 413 472 561 649 799 907 830 846 977 1120 1017 877 889 966 1137 1239 1268 1199 1184 1216 1256 1110 1018 1062 1039 1191 1150 951 906 764 609 500 318 266 218 237 286 335 264 206 123 157 -9999 -9999 -9999 -9999 -9999 -9999 -9999 -9999 -9999 -9999
130 145 150 176 208 197 183 187 166 156 159 166 188 191 193 197 240 260 259 259 275 294 260 265 305 328 343 357 377 399 479 604 722 689 665 791 976 1050 1103 1149 1173 1284 1426 1400 1235 1165 1264 1328 1206 1063 1023 1032 1062 1171 1114 860 798 673 484 405 309 247 282 306 416 389 364 279 174 122 144 -9999 -9999 -9999 -9999 -9999 -9999 -9999 -9999 -9999
124 130 132 137 165 156 143 138 140 142 145 147 148 160 179 167 194 217 240 244 257 275 252 268 323 354 362 334 350 369 419 518 609 591 794 952 948 856 1037 1333 1457 1425 1293 1233 1179 1135 1166 1186 1095 989 1031 1036 1066 1161 1093 801 690 499 375 315 279 285 338 435 374 252 310 248 155 162 134 122 131 -9999 -9999 -9999 -9999 -9999 -9999 -9999
156 123 123 123 124 132 129 131 133 136 144 158 170 160 188 175 182 210 227 249 259 261 247 285 320 348 325 318 345 363 399 444 469 587 704 701 779 818 986 1269 1399 1345 1283 1118 985 1006 1061 987 949 907 969 1039 1101 1155 1064 812 582 454 314 257 268 256 244 286 234 180 198 174 169 287 257 147 122 146 130 -9999 -9999 -9999 -9999 -9999
135 138 142 144 147 123 125 127 130 132 135 158 172 203 211 240 202 201 223 249 246 239 262 313 315 340 299 311 336 367 391 391 396 434 523 735 772 710 874 1104 1199 1174 1151 1055 984 980 1075 1036 971 934 970 1024 987 1037 1002 808 585 487 289 219 258 230 206 183 165 161 146 148 197 226 193 164 135 131 122 145 122 -9999 -9999 -9999
-9999 -9999 -9999 -9999 134 122 123 125 127 127 127 181 209 222 254 258 236 233 213 219 226 264 289 312 304 308 309 356 341 351 360 356 364 370 427 543 576 642 787 979 1156 1200 1123 1036 945 982 959 884 832 774 750 724 722 795 921 810 522 363 220 183 204 196 193 189 171 151 145 190 211 151 142 177 247 246 159 126 153 126 -9999 -9999
-9999 -9999 -9999 -9999 -9999 129 122 123 124 125 133 160 212 266 299 289 262 269 279 246 269 292 291 293 286 281 336 356 319 342 331 329 365 405 426 476 496 630 708 801 981 1156 1059 991 888 830 792 753 734 711 753 613 521 435 548 633 481 294 200 181 170 164 159 156 148 152 185 189 186 152 179 253 346 247 292 218 161 122 -9999 -9999
-9999 -9999 -9999 -9999 -9999 -9999 130 122 129 154 158 184 206 279 347 369 324 301 272 246 241 250 278 274 260 305 342 317 348 340 333 368 382 413 418 431 489 547 595 696 846 1070 1019 900 843 810 807 734 677 710 755 602 586 462 334 360 431 306 221 219 213 194 184 178 173 197 186 157 149 174 216 267 375 405 443 352 253 201 126 -9999
-9999 -9999 -9999 -9999 -9999 -9999 128 122 137 164 162 175 208 260 318 377 337 277 245 224 227 240 263 243 278 323 332 302 325 338 404 383 397 441 400 545 679 647 620 657 772 941 999 908 848 786 750 654 629 597 570 554 519 523 506 500 491 347 266 304 304 273 233 189 188 198 163 151 174 207 290 398 425 542 729 594 360 273 175 162
-9999 -9999 -9999 -9999 -9999 -9999 -9999 137 128 138 152 187 237 295 289 299 271 240 226 227 204 216 233 235 268 289 277 276 305 317 322 330 362 361 367 405 496 525 580 546 657 719 864 872 813 747 723 694 697 695 730 729 662 630 585 478 382 375 348 344 296 275 230 224 205 182 156 164 193 227 309 460 576 632 741 698 419 233 240 243
-9999 -9999 -9999 -9999 -9999 -9999 -9999 139 124 131 169 292 359 397 347 265 256 217 213 264 225 214 219 242 250 239 250 288 315 368 382 384 422 466 459 479 470 452 495 507 548 628 705 692 779 759 727 652 579 566 574 626 613 546 499 449 395 341 318 302 283 282 324 258 209 185 157 173 214 239 353 457 599 699 649 598 424 244 219 152
-9999 -9999 -9999 -9999 -9999 -9999 130 122 122 139 197 300 355 426 380 332 230 206 268 322 288 264 269 330 322 283 277 323 379 436 438 447 503 573 609 652 716 608 527 513 507 543 599 642 736 637 598 555 542 525 503 515 460 408 504 515 458 429 373 351 300 338 320 256 225 221 163 174 218 259 313 401 506 625 662 571 402 206 128 -9999
-9999 -9999 -9999 -9999 -9999 -9999 133 122 129 154 187 229 271 319 376 288 229 281 284 277 293 303 328 354 375 333 314 321 363 419 459 514 726 903 845 807 936 756 653 615 554 529 577 660 740 671 625 580 589 530 488 479 470 445 348 405 376 416 384 347 323 300 311 238 199 189 168 166 189 230 291 378 581 711 664 421 203 122 134 -9999
-9999 -9999 -9999 -9999 -9999 132 137 144 134 162 151 153 221 260 335 217 216 311 394 331 310 336 356 410 416 388 374 394 382 434 495 568 721 932 970 854 977 885 771 648 591 558 547 575 683 647 655 637 520 444 442 448 423 386 344 353 350 310 295 274 272 234 235 237 202 253 202 198 198 230 379 478 487 516 483 228 123 170 -9999 -9999
